[['市', 14456, 22506, 0.6423176041944371],
 ['安', 10562, 12359, 0.8545998867222268],
 ['县', 8658, 11117, 0.7788072321669515],
 ['公', 8773, 10077, 0.8705964076610102],
 ['局', 7981, 10018, 0.7966660011978439],
 ['省', 7448, 8939, 0.8332028191072827],
 ['村', 6746, 8453, 0.7980598604045901],
 ['区', 6399, 7619, 0.8398739992124951],
 ['镇', 5580, 6446, 0.8656531182128452],
 ['州', 4486, 5159, 0.8695483620856755],
 ['山', 4008, 4167, 0.9618430525557955],
 ['南', 3430, 3756, 0.9132055378061767],
 ['东', 2718, 3305, 0.8223903177004539],
 ['阳', 2082, 2957, 0.7040919851200541],
 ['河', 2370, 2748, 0.8624454148471615],
 ['西', 2551, 2695, 0.9465677179962895],
 ['江', 2486, 2671, 0.9307375514788468],
 ['族', 2331, 2618, 0.8903743315508021],
 ['治', 2128, 2519, 0.8447796744739976],
 ['自', 2243, 2491, 0.9004415897230028],
 ['城', 1626, 2306, 0.7051170858629662],
 ['乡', 1751, 2278, 0.7686567164179104],
 ['汉', 1715, 2062, 0.8317167798254123],
 ['北', 1721, 1893, 0.9091389329107237],
 ['家', 1730, 1841, 0.9397066811515481],
 ['道', 87, 1721, 0.0505520046484602],
 ['街', 362, 1716, 0.21095571095571095],
 ['新', 1281, 1535, 0.8345276872964169],
 ['宁', 1386, 1438, 0.9638386648122392],
 ['湖', 1259, 1399, 0.899928520371694],
 ['庄', 1147, 1373, 0.8353969410050983],
 ['尔', 1175, 1349, 0.8710155670867309],
 ['龙', 554, 1348, 0.41097922848664686],
 ['平', 1115, 1306, 0.8537519142419602],
 ['川', 1186, 1278, 0.9280125195618153],
 ['大', 1044, 1145, 0.9117903930131004],
 ['林', 1025, 1130, 0.9070796460176991],
 ['广', 1088, 1106, 0.9837251356238698],
 ['克', 930, 1061, 0.8765315739868049],
 ['水', 996, 1061, 0.9387370405278039],
 ['办', 234, 1040, 0.225],
 ['处', 984, 1024, 0.9609375],
 ['海', 692, 1018, 0.6797642436149313],
 ['事', 925, 1017, 0.9095378564405113],
 ['四', 934, 973, 0.959917780061665],
 ['张', 892, 940, 0.948936170212766],
 ['辖', 707, 884, 0.7997737556561086],
 ['台', 813, 874, 0.9302059496567505],
 ['昌', 754, 836, 0.9019138755980861],
 ['德', 616, 815, 0.7558282208588957],
 ['王', 779, 814, 0.957002457002457],
 ['高', 102, 764, 0.13350785340314136],
 ['黄', 607, 757, 0.8018494055482166],
 ['兴', 670, 753, 0.8897742363877822],
 ['金', 452, 749, 0.6034712950600801],
 ['口', 703, 740, 0.95],
 ['石', 688, 721, 0.9542302357836339],
 ['李', 679, 705, 0.9631205673758865],
 ['临', 325, 694, 0.46829971181556196],
 ['塔', 608, 693, 0.8773448773448773],
 ['云', 661, 692, 0.9552023121387283],
 ['华', 615, 677, 0.9084194977843427],
 ['苗', 551, 675, 0.8162962962962963],
 ['古', 620, 665, 0.9323308270676691],
 ['吉', 577, 665, 0.8676691729323308],
 ['中', 600, 655, 0.916030534351145],
 ['永', 299, 621, 0.48148148148148145],
 ['巴', 568, 617, 0.9205834683954619],
 ['苏', 372, 616, 0.6038961038961039],
 ['土', 577, 607, 0.9505766062602965],
 ['白', 428, 603, 0.7097844112769486],
 ['武', 529, 588, 0.8996598639455783],
 ['门', 561, 585, 0.958974358974359],
 ['建', 535, 578, 0.9256055363321799],
 ['青', 480, 577, 0.8318890814558059],
 ['福', 511, 574, 0.8902439024390244],
 ['哈', 401, 564, 0.7109929078014184],
 ['长', 533, 563, 0.9467140319715808],
 ['子', 535, 559, 0.9570661896243292],
 ['马', 505, 554, 0.9115523465703971],
 ['庆', 520, 551, 0.9437386569872959],
 ['春', 486, 543, 0.8950276243093923],
 ['陈', 514, 542, 0.948339483394834],
 ['布', 503, 539, 0.9332096474953617],
 ['刘', 516, 534, 0.9662921348314607],
 ['济', 466, 525, 0.8876190476190476],
 ['三', 492, 508, 0.968503937007874],
 ['文', 466, 507, 0.9191321499013807],
 ['浙', 127, 504, 0.251984126984127],
 ['蒙', 454, 503, 0.9025844930417495],
 ['桥', 408, 502, 0.8127490039840638],
 ['明', 408, 498, 0.8192771084337349],
 ['藏', 373, 493, 0.7565922920892495],
 ['甘', 424, 490, 0.8653061224489796],
 ['拉', 395, 486, 0.8127572016460906],
 ['溪', 424, 482, 0.8796680497925311],
 ['清', 236, 475, 0.4968421052631579],
 ['田', 424, 470, 0.902127659574468],
 ['天', 416, 468, 0.8888888888888888],
 ['杨', 29, 466, 0.06223175965665236],
 ['保', 407, 465, 0.875268817204301],
 ['上', 443, 461, 0.9609544468546638],
 ['彝', 374, 454, 0.8237885462555066],
 ['孜', 375, 451, 0.8314855875831486],
 ['维', 44, 449, 0.09799554565701558],
 ['都', 383, 445, 0.8606741573033708],
 ['定', 385, 444, 0.8671171171171171],
 ['化', 418, 443, 0.9435665914221218],
 ['温', 371, 438, 0.8470319634703196],
 ['玉', 409, 426, 0.960093896713615],
 ['阿', 384, 425, 0.9035294117647059],
 ['坊', 361, 424, 0.8514150943396226],
 ['周', 401, 423, 0.9479905437352246],
 ['丰', 363, 421, 0.8622327790973872],
 ['吾', 381, 412, 0.9247572815533981],
 ['通', 116, 412, 0.2815533980582524],
 ['壮', 367, 410, 0.8951219512195122],
 ['营', 252, 400, 0.63],
 ['唐', 333, 396, 0.8409090909090909],
 ['贵', 365, 394, 0.9263959390862944],
 ['乐', 358, 394, 0.9086294416243654],
 ['地', 335, 391, 0.8567774936061381],
 ['罗', 341, 389, 0.8766066838046273],
 ['达', 335, 377, 0.8885941644562334],
 ['回', 314, 376, 0.8351063829787234],
 ['和', 89, 373, 0.2386058981233244],
 ['泉', 286, 371, 0.77088948787062],
 ['店', 338, 371, 0.9110512129380054],
 ['辽', 347, 370, 0.9378378378378378],
 ['沟', 285, 367, 0.776566757493188],
 ['鄂', 243, 366, 0.6639344262295082],
 ['源', 324, 365, 0.8876712328767123],
 ['依', 320, 361, 0.8864265927977839],
 ['头', 330, 358, 0.9217877094972067],
 ['乌', 328, 358, 0.9162011173184358],
 ['红', 281, 355, 0.7915492957746478],
 ['朝', 301, 353, 0.8526912181303116],
 ['开', 302, 353, 0.8555240793201133],
 ['成', 138, 352, 0.39204545454545453],
 ['京', 293, 348, 0.8419540229885057],
 ['吴', 234, 348, 0.6724137931034483],
 ['兰', 317, 343, 0.924198250728863],
 ['滨', 299, 341, 0.8768328445747801],
 ['梁', 301, 337, 0.8931750741839762],
 ['泰', 296, 334, 0.8862275449101796],
 ['岛', 0, 334, 0.0],
 ['宜', 64, 333, 0.1921921921921922],
 ['泽', 171, 330, 0.5181818181818182],
 ['郑', 297, 320, 0.928125],
 ['沙', 300, 315, 0.9523809523809523],
 ['沂', 277, 312, 0.8878205128205128],
 ['黑', 163, 311, 0.5241157556270096],
 ['侗', 266, 310, 0.8580645161290322],
 ['佬', 277, 308, 0.8993506493506493],
 ['内', 91, 304, 0.2993421052631579],
 ['岭', 126, 304, 0.4144736842105263],
 ['陕', 281, 303, 0.9273927392739274],
 ['徐', 283, 301, 0.9401993355481728],
 ['陵', 265, 300, 0.8833333333333333],
 ['宝', 286, 299, 0.9565217391304348],
 ['旗', 221, 294, 0.7517006802721088],
 ['斯', 249, 292, 0.8527397260273972],
 ['肃', 219, 290, 0.7551724137931034],
 ['洛', 212, 290, 0.7310344827586207],
 ['双', 236, 289, 0.8166089965397924],
 ['丘', 262, 288, 0.9097222222222222],
 ['固', 211, 286, 0.7377622377622378],
 ['里', 248, 283, 0.8763250883392226],
 ['峰', 99, 278, 0.35611510791366907],
 ['徽', 256, 278, 0.920863309352518],
 ['郭', 234, 278, 0.841726618705036],
 ['集', 238, 276, 0.8623188405797102],
 ['梅', 263, 275, 0.9563636363636364],
 ['丽', 179, 274, 0.6532846715328468],
 ['满', 101, 272, 0.3713235294117647],
 ['寨', 100, 272, 0.36764705882352944],
 ['木', 253, 272, 0.9301470588235294],
 ['景', 209, 270, 0.774074074074074],
 ['衡', 174, 270, 0.6444444444444445],
 ['塘', 193, 269, 0.7174721189591078],
 ['花', 249, 268, 0.9291044776119403],
 ['原', 243, 267, 0.9101123595505618],
 ['义', 226, 265, 0.8528301886792453],
 ['锡', 188, 262, 0.7175572519083969],
 ['瑶', 198, 262, 0.7557251908396947],
 ['康', 239, 260, 0.9192307692307692],
 ['伦', 222, 258, 0.8604651162790697],
 ['小', 239, 255, 0.9372549019607843],
 ['赵', 247, 254, 0.9724409448818898],
 ['尼', 225, 249, 0.9036144578313253],
 ['商', 194, 247, 0.7854251012145749],
 ['关', 213, 244, 0.8729508196721312],
 ['港', 202, 240, 0.8416666666666667],
 ['仁', 209, 237, 0.8818565400843882],
 ['邢', 208, 237, 0.8776371308016878],
 ['普', 115, 237, 0.48523206751054854],
 ['沧', 13, 236, 0.05508474576271186],
 ['黎', 200, 236, 0.847457627118644],
 ['夏', 209, 236, 0.885593220338983],
 ['凤', 211, 234, 0.9017094017094017],
 ['英', 216, 234, 0.9230769230769231],
 ['孙', 223, 232, 0.9612068965517241],
 ['潍', 209, 230, 0.908695652173913],
 ['利', 215, 230, 0.9347826086956522],
 ['太', 205, 228, 0.8991228070175439],
 ['连', 203, 227, 0.8942731277533039],
 ['晋', 119, 227, 0.5242290748898678],
 ['合', 153, 227, 0.6740088105726872],
 ['顺', 152, 225, 0.6755555555555556],
 ['疆', 173, 224, 0.7723214285714286],
 ['日', 201, 224, 0.8973214285714286],
 ['松', 194, 223, 0.8699551569506726],
 ['荣', 211, 223, 0.9461883408071748],
 ['前', 120, 222, 0.5405405405405406],
 ['邵', 113, 221, 0.5113122171945701],
 ['纳', 192, 220, 0.8727272727272727],
 ['孝', 203, 220, 0.9227272727272727],
 ['鲜', 186, 219, 0.8493150684931506],
 ['发', 174, 219, 0.7945205479452054],
 ['威', 197, 218, 0.9036697247706422],
 ['延', 158, 217, 0.728110599078341],
 ['羌', 171, 217, 0.7880184331797235],
 ['湾', 157, 215, 0.7302325581395349],
 ['毛', 202, 213, 0.9483568075117371],
 ['坪', 197, 213, 0.9248826291079812],
 ['元', 194, 212, 0.9150943396226415],
 ['岗', 180, 211, 0.8530805687203792],
 ['国', 190, 211, 0.9004739336492891],
 ['民', 133, 210, 0.6333333333333333],
 ['光', 187, 210, 0.8904761904761904],
 ['柯', 182, 209, 0.8708133971291866],
 ['胡', 191, 208, 0.9182692307692307],
 ['榆', 76, 206, 0.36893203883495146],
 ['朱', 200, 205, 0.975609756097561],
 ['洪', 147, 205, 0.7170731707317073],
 ['桂', 142, 205, 0.6926829268292682],
 ['津', 187, 203, 0.9211822660098522],
 ['萨', 183, 203, 0.9014778325123153],
 ['黔', 188, 202, 0.9306930693069307],
 ['岳', 131, 202, 0.6485148514851485],
 ['五', 167, 202, 0.8267326732673267],
 ['曲', 171, 202, 0.8465346534653465],
 ['伯', 183, 201, 0.9104477611940298],
 ['菏', 182, 201, 0.9054726368159204],
 ['楼', 146, 200, 0.73],
 ['丹', 184, 200, 0.92],
 ['晓', 156, 198, 0.7878787878787878],
 ['聊', 168, 198, 0.8484848484848485],
 ['裕', 181, 197, 0.9187817258883249],
 ['齐', 145, 196, 0.7397959183673469],
 ['常', 71, 196, 0.3622448979591837],
 ['庙', 166, 196, 0.8469387755102041],
 ['烟', 75, 196, 0.3826530612244898],
 ['嘉', 137, 195, 0.7025641025641025],
 ['阜', 153, 193, 0.7927461139896373],
 ['波', 163, 191, 0.8534031413612565],
 ['凉', 149, 191, 0.7801047120418848],
 ['隆', 96, 189, 0.5079365079365079],
 ['秀', 113, 189, 0.5978835978835979],
 ['路', 171, 189, 0.9047619047619048],
 ['余', 176, 189, 0.9312169312169312],
 ['傣', 154, 188, 0.8191489361702128],
 ['畲', 3, 188, 0.015957446808510637],
 ['远', 160, 187, 0.8556149732620321],
 ['方', 175, 187, 0.9358288770053476],
 ['充', 180, 186, 0.967741935483871],
 ['万', 179, 186, 0.9623655913978495],
 ['博', 150, 186, 0.8064516129032258],
 ['信', 10, 185, 0.05405405405405406],
 ['许', 158, 184, 0.8586956521739131],
 ['佳', 171, 184, 0.9293478260869565],
 ['志', 169, 183, 0.9234972677595629],
 ['下', 174, 183, 0.9508196721311475],
 ['荆', 144, 183, 0.7868852459016393],
 ['屯', 170, 183, 0.9289617486338798],
 ['沈', 171, 182, 0.9395604395604396],
 ['行', 173, 181, 0.9558011049723757],
 ['冈', 169, 180, 0.9388888888888889],
 ['伟', 170, 180, 0.9444444444444444],
 ['惠', 118, 178, 0.6629213483146067],
 ['浦', 15, 177, 0.0847457627118644],
 ['喀', 118, 175, 0.6742857142857143],
 ['傈', 60, 174, 0.3448275862068966],
 ['政', 54, 174, 0.3103448275862069],
 ['怀', 165, 174, 0.9482758620689655],
 ['僳', 142, 174, 0.8160919540229885],
 ['坝', 143, 172, 0.8313953488372093],
 ['园', 155, 171, 0.9064327485380117],
 ['朗', 129, 170, 0.7588235294117647],
 ['吕', 152, 170, 0.8941176470588236],
 ['仡', 151, 170, 0.888235294117647],
 ['重', 132, 169, 0.7810650887573964],
 ['场', 55, 167, 0.32934131736526945],
 ['曹', 111, 167, 0.6646706586826348],
 ['富', 139, 166, 0.8373493975903614],
 ['灵', 150, 166, 0.9036144578313253],
 ['米', 146, 166, 0.8795180722891566],
 ['盐', 147, 166, 0.8855421686746988],
 ['独', 142, 165, 0.8606060606060606],
 ['柳', 148, 165, 0.896969696969697],
 ['佤', 84, 164, 0.5121951219512195],
 ['濮', 132, 164, 0.8048780487804879],
 ['池', 139, 163, 0.852760736196319],
 ['哲', 130, 163, 0.7975460122699386],
 ['军', 153, 163, 0.9386503067484663],
 ['鲁', 121, 161, 0.7515527950310559],
 ['赫', 143, 161, 0.8881987577639752],
 ['宾', 139, 160, 0.86875],
 ['别', 143, 159, 0.89937106918239],
 ['勒', 141, 159, 0.8867924528301887],
 ['基', 145, 159, 0.9119496855345912],
 ['树', 141, 158, 0.8924050632911392],
 ['洲', 150, 158, 0.9493670886075949],
 ['郸', 143, 158, 0.9050632911392406],
 ['襄', 134, 158, 0.8481012658227848],
 ['岩', 128, 157, 0.8152866242038217],
 ['宋', 148, 157, 0.9426751592356688],
 ['难', 132, 156, 0.8461538461538461],
 ['斡', 134, 156, 0.8589743589743589],
 ['辉', 45, 155, 0.2903225806451613],
 ['邯', 140, 154, 0.9090909090909091],
 ['赣', 122, 154, 0.7922077922077922],
 ['湘', 136, 153, 0.8888888888888888],
 ['井', 2, 153, 0.013071895424836602],
 ['秦', 103, 152, 0.6776315789473685],
 ['撒', 61, 152, 0.40131578947368424],
 ['直', 78, 152, 0.5131578947368421],
 ['陇', 100, 152, 0.6578947368421053],
 ['忻', 149, 152, 0.9802631578947368],
 ['级', 112, 151, 0.7417218543046358],
 ['怒', 132, 151, 0.8741721854304636],
 ['胜', 35, 148, 0.23648648648648649],
 ['崩', 120, 147, 0.8163265306122449],
 ['杭', 114, 147, 0.7755102040816326],
 ['六', 130, 146, 0.8904109589041096],
 ['锦', 119, 145, 0.8206896551724138],
 ['祜', 139, 145, 0.9586206896551724],
 ['恩', 130, 145, 0.896551724137931],
 ['什', 106, 145, 0.7310344827586207],
 ['划', 127, 144, 0.8819444444444444],
 ['后', 127, 144, 0.8819444444444444],
 ['莱', 115, 143, 0.8041958041958042],
 ['饶', 134, 143, 0.9370629370629371],
 ['同', 128, 143, 0.8951048951048951],
 ['官', 121, 143, 0.8461538461538461],
 ['九', 131, 142, 0.9225352112676056],
 ['诺', 1, 142, 0.007042253521126761],
 ['靖', 68, 141, 0.48226950354609927],
 ['霞', 7, 141, 0.04964539007092199],
 ['坡', 121, 140, 0.8642857142857143],
 ['业', 117, 140, 0.8357142857142857],
 ['颇', 21, 139, 0.1510791366906475],
 ['汾', 133, 139, 0.9568345323741008],
 ['亭', 121, 139, 0.8705035971223022],
 ['十', 129, 139, 0.9280575539568345],
 ['仫', 123, 138, 0.8913043478260869],
 ['寿', 129, 138, 0.9347826086956522],
 ['韩', 117, 137, 0.8540145985401459],
 ['特', 128, 137, 0.9343065693430657],
 ['枣', 120, 136, 0.8823529411764706],
 ['淮', 122, 136, 0.8970588235294118],
 ['仙', 117, 136, 0.8602941176470589],
 ['寺', 114, 135, 0.8444444444444444],
 ['会', 123, 135, 0.9111111111111111],
 ['良', 94, 134, 0.7014925373134329],
 ['彭', 123, 134, 0.917910447761194],
 ['铜', 106, 134, 0.7910447761194029],
 ['何', 119, 134, 0.8880597014925373],
 ['节', 121, 133, 0.9097744360902256],
 ['俄', 109, 129, 0.8449612403100775],
 ['铁', 116, 129, 0.8992248062015504],
 ['邑', 85, 129, 0.6589147286821705],
 ['抚', 112, 128, 0.875],
 ['绵', 103, 127, 0.8110236220472441],
 ['运', 104, 127, 0.8188976377952756],
 ['边', 46, 127, 0.36220472440944884],
 ['强', 108, 127, 0.8503937007874016],
 ['珞', 114, 127, 0.8976377952755905],
 ['瑞', 116, 126, 0.9206349206349206],
 ['蔡', 27, 126, 0.21428571428571427],
 ['毕', 117, 125, 0.936],
 ['团', 116, 125, 0.928],
 ['老', 101, 124, 0.8145161290322581],
 ['经', 118, 124, 0.9516129032258065],
 ['绥', 108, 124, 0.8709677419354839],
 ['叶', 121, 123, 0.983739837398374],
 ['章', 89, 123, 0.7235772357723578],
 ['左', 113, 123, 0.9186991869918699],
 ['封', 119, 123, 0.967479674796748],
 ['桃', 1, 122, 0.00819672131147541],
 ['谷', 109, 122, 0.8934426229508197],
 ['感', 111, 122, 0.9098360655737705],
 ['资', 105, 120, 0.875],
 ['堡', 108, 120, 0.9],
 ['宇', 94, 119, 0.7899159663865546],
 ['莲', 110, 118, 0.9322033898305084],
 ['一', 116, 118, 0.9830508474576272],
 ['祥', 90, 118, 0.7627118644067796],
 ['二', 107, 117, 0.9145299145299145],
 ['施', 97, 116, 0.8362068965517241],
 ['洋', 110, 116, 0.9482758620689655],
 ['竹', 102, 116, 0.8793103448275862],
 ['钟', 107, 115, 0.9304347826086956],
 ['香', 102, 114, 0.8947368421052632],
 ['赤', 107, 114, 0.9385964912280702],
 ['术', 110, 113, 0.9734513274336283],
 ['雅', 101, 113, 0.8938053097345132],
 ['沁', 104, 113, 0.9203539823008849],
 ['邓', 106, 113, 0.9380530973451328],
 ['技', 92, 113, 0.8141592920353983],
 ['宿', 17, 113, 0.1504424778761062],
 ['珠', 91, 112, 0.8125],
 ['忠', 105, 112, 0.9375],
 ['肥', 93, 112, 0.8303571428571429],
 ['燕', 106, 112, 0.9464285714285714],
 ['堰', 76, 111, 0.6846846846846847],
 ['静', 103, 111, 0.9279279279279279],
 ['伊', 103, 111, 0.9279279279279279],
 ['埠', 92, 110, 0.8363636363636363],
 ['社', 101, 109, 0.926605504587156],
 ['照', 78, 109, 0.7155963302752294],
 ['于', 100, 108, 0.9259259259259259],
 ['星', 101, 108, 0.9351851851851852],
 ['格', 33, 107, 0.308411214953271],
 ['贡', 42, 107, 0.3925233644859813],
 ['任', 104, 106, 0.9811320754716981],
 ['魏', 96, 106, 0.9056603773584906],
 ['正', 86, 106, 0.8113207547169812],
 ['承', 100, 105, 0.9523809523809523],
 ['芳', 100, 105, 0.9523809523809523],
 ['美', 79, 105, 0.7523809523809524],
 ['潘', 61, 105, 0.580952380952381],
 ['潭', 88, 105, 0.8380952380952381],
 ['肖', 100, 104, 0.9615384615384616],
 ['孟', 100, 104, 0.9615384615384616],
 ['洞', 90, 104, 0.8653846153846154],
 ['绍', 69, 104, 0.6634615384615384],
 ['房', 90, 104, 0.8653846153846154],
 ['姜', 93, 104, 0.8942307692307693],
 ['俊', 98, 103, 0.9514563106796117],
 ['咸', 93, 103, 0.9029126213592233],
 ['邹', 10, 103, 0.0970873786407767],
 ['滩', 83, 102, 0.8137254901960784],
 ['廊', 95, 102, 0.9313725490196079],
 ['立', 100, 102, 0.9803921568627451],
 ['生', 99, 102, 0.9705882352941176],
 ['君', 97, 101, 0.9603960396039604],
 ['昭', 5, 101, 0.04950495049504951],
 ['麻', 86, 101, 0.8514851485148515],
 ['萍', 44, 100, 0.44],
 ['百', 29, 100, 0.29],
 ['陆', 93, 99, 0.9393939393939394],
 ['芦', 51, 99, 0.5151515151515151],
 ['渭', 63, 99, 0.6363636363636364],
 ['底', 89, 99, 0.898989898989899],
 ['淄', 69, 99, 0.696969696969697],
 ['辛', 84, 99, 0.8484848484848485],
 ['宣', 92, 99, 0.9292929292929293],
 ['范', 89, 99, 0.898989898989899],
 ['峪', 83, 98, 0.8469387755102041],
 ['顶', 82, 98, 0.8367346938775511],
 ['鸡', 84, 97, 0.865979381443299],
 ['科', 90, 97, 0.9278350515463918],
 ['谢', 93, 97, 0.9587628865979382],
 ['崇', 27, 97, 0.27835051546391754],
 ['呼', 28, 96, 0.2916666666666667],
 ['鹿', 91, 96, 0.9479166666666666],
 ['银', 31, 96, 0.3229166666666667],
 ['盘', 87, 96, 0.90625],
 ['漳', 75, 95, 0.7894736842105263],
 ['雪', 17, 95, 0.17894736842105263],
 ['董', 82, 95, 0.8631578947368421],
 ['彦', 89, 95, 0.9368421052631579],
 ['丁', 93, 94, 0.9893617021276596],
 ['杰', 92, 94, 0.9787234042553191],
 ['世', 86, 94, 0.9148936170212766],
 ['亚', 53, 93, 0.5698924731182796],
 ['遂', 8, 93, 0.08602150537634409],
 ['郴', 10, 92, 0.10869565217391304],
 ['雄', 82, 91, 0.9010989010989011],
 ['理', 88, 91, 0.967032967032967],
 ['八', 86, 90, 0.9555555555555556],
 ['农', 77, 90, 0.8555555555555555],
 ['皇', 81, 89, 0.9101123595505618],
 ['袁', 77, 89, 0.8651685393258427],
 ['遵', 2, 89, 0.02247191011235955],
 ['雷', 1, 89, 0.011235955056179775],
 ['鹤', 74, 89, 0.8314606741573034],
 ['名', 77, 88, 0.875],
 ['牡', 78, 88, 0.8863636363636364],
 ['汪', 85, 88, 0.9659090909090909],
 ['密', 76, 88, 0.8636363636363636],
 ['娄', 69, 87, 0.7931034482758621],
 ['冯', 83, 87, 0.9540229885057471],
 ['铺', 39, 87, 0.4482758620689655],
 ['艳', 82, 87, 0.9425287356321839],
 ['玲', 83, 87, 0.9540229885057471],
 ['来', 83, 86, 0.9651162790697675],
 ['敏', 82, 86, 0.9534883720930233],
 ['七', 85, 85, 1.0],
 ['杜', 58, 85, 0.6823529411764706],
 ['风', 82, 85, 0.9647058823529412],
 ['曾', 74, 84, 0.8809523809523809],
 ['姚', 77, 83, 0.927710843373494],
 ['车', 77, 83, 0.927710843373494],
 ['茂', 70, 83, 0.8433734939759037],
 ['贤', 73, 82, 0.8902439024390244],
 ['亮', 78, 81, 0.9629629629629629],
 ['蒋', 24, 81, 0.2962962962962963],
 ['慧', 79, 81, 0.9753086419753086],
 ['牛', 74, 81, 0.9135802469135802],
 ['盟', 58, 80, 0.725],
 ['昆', 73, 80, 0.9125],
 ['汤', 67, 79, 0.8481012658227848],
 ['焦', 42, 79, 0.5316455696202531],
 ['兵', 71, 78, 0.9102564102564102],
 ['堂', 59, 78, 0.7564102564102564],
 ['贾', 74, 78, 0.9487179487179487],
 ['鞍', 72, 78, 0.9230769230769231],
 ['雨', 61, 78, 0.782051282051282],
 ['阴', 59, 78, 0.7564102564102564],
 ['飞', 75, 76, 0.9868421052631579],
 ['宏', 75, 76, 0.9868421052631579],
 ['甸', 17, 76, 0.2236842105263158],
 ['贺', 68, 75, 0.9066666666666666],
 ['思', 31, 75, 0.41333333333333333],
 ['邱', 23, 75, 0.30666666666666664],
 ['学', 72, 75, 0.96],
 ['浩', 72, 74, 0.972972972972973],
 ['横', 67, 74, 0.9054054054054054],
 ['程', 71, 73, 0.9726027397260274],
 ['侯', 52, 73, 0.7123287671232876],
 ['陶', 66, 73, 0.9041095890410958],
 ['鹏', 65, 72, 0.9027777777777778],
 ['柏', 68, 72, 0.9444444444444444],
 ['全', 71, 72, 0.9861111111111112],
 ['汕', 66, 72, 0.9166666666666666],
 ['那', 5, 71, 0.07042253521126761],
 ['管', 52, 71, 0.7323943661971831],
 ['进', 33, 71, 0.4647887323943662],
 ['礼', 65, 71, 0.9154929577464789],
 ['卢', 69, 71, 0.971830985915493],
 ['府', 67, 70, 0.9571428571428572],
 ['卫', 68, 70, 0.9714285714285714],
 ['扬', 60, 70, 0.8571428571428571],
 ['月', 64, 70, 0.9142857142857143],
 ['则', 58, 69, 0.8405797101449275],
 ['尚', 60, 69, 0.8695652173913043],
 ['迁', 59, 69, 0.855072463768116],
 ['峡', 57, 69, 0.8260869565217391],
 ['爱', 63, 69, 0.9130434782608695],
 ['旺', 65, 69, 0.9420289855072463],
 ['揭', 27, 68, 0.39705882352941174],
 ['流', 43, 68, 0.6323529411764706],
 ['瓦', 63, 68, 0.9264705882352942],
 ['少', 68, 68, 1.0],
 ['心', 65, 67, 0.9701492537313433],
 ['勇', 25, 67, 0.373134328358209],
 ['蓬', 26, 67, 0.3880597014925373],
 ['秋', 57, 67, 0.8507462686567164],
 ['朔', 53, 67, 0.7910447761194029],
 ['多', 52, 67, 0.7761194029850746],
 ['娟', 56, 67, 0.835820895522388],
 ['翼', 52, 67, 0.7761194029850746],
 ['驻', 58, 66, 0.8787878787878788],
 ['振', 62, 66, 0.9393939393939394],
 ['色', 63, 66, 0.9545454545454546],
 ['图', 55, 66, 0.8333333333333334],
 ['芜', 61, 65, 0.9384615384615385],
 ['潮', 1, 65, 0.015384615384615385],
 ['作', 62, 65, 0.9538461538461539],
 ['虎', 63, 64, 0.984375],
 ['无', 59, 64, 0.921875],
 ['衢', 64, 64, 1.0],
 ['梦', 60, 64, 0.9375],
 ['盛', 12, 64, 0.1875],
 ['婷', 56, 64, 0.875],
 ['友', 63, 64, 0.984375],
 ['如', 58, 63, 0.9206349206349206],
 ['崔', 58, 63, 0.9206349206349206],
 ['超', 30, 63, 0.47619047619047616],
 ['仪', 33, 63, 0.5238095238095238],
 ['斌', 55, 63, 0.873015873015873],
 ['坑', 52, 63, 0.8253968253968254],
 ['产', 56, 62, 0.9032258064516129],
 ['锋', 40, 62, 0.6451612903225806],
 ['珍', 9, 62, 0.14516129032258066],
 ['玛', 56, 62, 0.9032258064516129],
 ['右', 42, 62, 0.6774193548387096],
 ['益', 54, 62, 0.8709677419354839],
 ['宗', 55, 61, 0.9016393442622951],
 ['屏', 54, 61, 0.8852459016393442],
 ['肇', 59, 61, 0.9672131147540983],
 ['薛', 60, 61, 0.9836065573770492],
 ['库', 57, 60, 0.95],
 ['苍', 51, 60, 0.85],
 ['应', 56, 60, 0.9333333333333333],
 ['野', 59, 60, 0.9833333333333333],
 ['眉', 54, 60, 0.9],
 ['芬', 56, 60, 0.9333333333333333],
 ['善', 0, 60, 0.0],
 ['湛', 51, 59, 0.864406779661017],
 ['凌', 51, 59, 0.864406779661017],
 ['群', 54, 58, 0.9310344827586207],
 ['先', 55, 58, 0.9482758620689655],
 ['葛', 0, 58, 0.0],
 ['干', 46, 57, 0.8070175438596491],
 ['向', 30, 57, 0.5263157894736842],
 ['度', 46, 57, 0.8070175438596491],
 ['泸', 19, 57, 0.3333333333333333],
 ['根', 42, 57, 0.7368421052631579],
 ['钦', 49, 57, 0.8596491228070176],
 ['剑', 50, 57, 0.8771929824561403],
 ['观', 47, 56, 0.8392857142857143],
 ['郝', 53, 56, 0.9464285714285714],
 ['桐', 50, 56, 0.8928571428571429],
 ['容', 52, 56, 0.9285714285714286],
 ['联', 47, 56, 0.8392857142857143],
 ['楚', 51, 55, 0.9272727272727272],
 ['冲', 51, 54, 0.9444444444444444],
 ['包', 41, 54, 0.7592592592592593],
 ['芝', 44, 54, 0.8148148148148148],
 ['喜', 48, 54, 0.8888888888888888],
 ['力', 52, 54, 0.9629629629629629],
 ['葫', 24, 54, 0.4444444444444444],
 ['宫', 15, 53, 0.2830188679245283],
 ['窑', 49, 53, 0.9245283018867925],
 ['洼', 47, 53, 0.8867924528301887],
 ['尧', 45, 53, 0.8490566037735849],
 ['滕', 23, 53, 0.4339622641509434],
 ['谭', 49, 53, 0.9245283018867925],
 ['神', 38, 52, 0.7307692307692307],
 ['涛', 15, 52, 0.28846153846153844],
 ['扎', 49, 52, 0.9423076923076923],
 ['莞', 38, 52, 0.7307692307692307],
 ['莒', 36, 51, 0.7058823529411765],
 ['巨', 46, 51, 0.9019607843137255],
 ['鱼', 43, 51, 0.8431372549019608],
 ['察', 30, 51, 0.5882352941176471],
 ['霍', 46, 51, 0.9019607843137255],
 ['舒', 49, 51, 0.9607843137254902],
 ['游', 47, 51, 0.9215686274509803],
 ['犁', 45, 50, 0.9],
 ['琼', 44, 50, 0.88],
 ['界', 45, 50, 0.9],
 ['刚', 46, 50, 0.92],
 ['茶', 47, 49, 0.9591836734693877],
 ['紫', 36, 49, 0.7346938775510204],
 ['琴', 47, 49, 0.9591836734693877],
 ['加', 48, 49, 0.9795918367346939],
 ['枝', 11, 49, 0.22448979591836735],
 ['廖', 48, 49, 0.9795918367346939],
 ['佛', 41, 48, 0.8541666666666666],
 ['登', 37, 48, 0.7708333333333334],
 ['祁', 39, 48, 0.8125],
 ['壁', 34, 48, 0.7083333333333334],
 ['权', 44, 48, 0.9166666666666666],
 ['史', 48, 48, 1.0],
 ['淑', 44, 48, 0.9166666666666666],
 ['尹', 44, 48, 0.9166666666666666],
 ['渡', 43, 48, 0.8958333333333334],
 ['果', 39, 48, 0.8125],
 ['智', 39, 47, 0.8297872340425532],
 ['株', 43, 47, 0.9148936170212766],
 ['孔', 45, 47, 0.9574468085106383],
 ['深', 47, 47, 1.0],
 ['才', 46, 47, 0.9787234042553191],
 ['渠', 37, 47, 0.7872340425531915],
 ['桑', 32, 47, 0.6808510638297872],
 ['仓', 44, 47, 0.9361702127659575],
 ['阁', 33, 47, 0.7021276595744681],
 ['润', 38, 47, 0.8085106382978723],
 ['贝', 39, 47, 0.8297872340425532],
 ['滁', 7, 46, 0.15217391304347827],
 ['莘', 38, 46, 0.8260869565217391],
 ['奉', 39, 46, 0.8478260869565217],
 ['音', 0, 46, 0.0],
 ['垣', 18, 46, 0.391304347826087],
 ['浪', 39, 46, 0.8478260869565217],
 ['浮', 38, 45, 0.8444444444444444],
 ['板', 36, 45, 0.8],
 ['居', 39, 45, 0.8666666666666667],
 ['雁', 21, 45, 0.4666666666666667],
 ['戴', 43, 45, 0.9555555555555556],
 ['翔', 32, 45, 0.7111111111111111],
 ['涧', 34, 45, 0.7555555555555555],
 ['颖', 2, 45, 0.044444444444444446],
 ['启', 41, 44, 0.9318181818181818],
 ['蓝', 41, 44, 0.9318181818181818],
 ['墨', 39, 44, 0.8863636363636364],
 ['付', 43, 44, 0.9772727272727273],
 ['翠', 0, 44, 0.0],
 ['随', 2, 44, 0.045454545454545456],
 ['莉', 42, 44, 0.9545454545454546],
 ['琳', 42, 44, 0.9545454545454546],
 ['沿', 26, 44, 0.5909090909090909],
 ['越', 27, 43, 0.627906976744186],
 ['望', 42, 43, 0.9767441860465116],
 ['尾', 35, 43, 0.813953488372093],
 ['娜', 40, 43, 0.9302325581395349],
 ['代', 39, 43, 0.9069767441860465],
 ['留', 6, 43, 0.13953488372093023],
 ['汝', 41, 43, 0.9534883720930233],
 ['洱', 35, 42, 0.8333333333333334],
 ['熊', 40, 42, 0.9523809523809523],
 ['继', 39, 42, 0.9285714285714286],
 ['禹', 1, 42, 0.023809523809523808],
 ['凯', 37, 42, 0.8809523809523809],
 ['段', 39, 42, 0.9285714285714286],
 ['胶', 34, 41, 0.8292682926829268],
 ['单', 39, 41, 0.9512195121951219],
 ['滦', 38, 41, 0.926829268292683],
 ['环', 36, 41, 0.8780487804878049],
 ['扶', 38, 41, 0.926829268292683],
 ['顾', 38, 41, 0.926829268292683],
 ['亳', 30, 41, 0.7317073170731707],
 ['祖', 19, 41, 0.4634146341463415],
 ['始', 33, 41, 0.8048780487804879],
 ['庞', 0, 41, 0.0],
 ['工', 36, 41, 0.8780487804878049],
 ['千', 1, 40, 0.025],
 ['泊', 35, 40, 0.875],
 ['埔', 35, 40, 0.875],
 ['易', 18, 40, 0.45],
 ['角', 32, 40, 0.8],
 ['部', 39, 40, 0.975],
 ['郓', 34, 40, 0.85],
 ['托', 36, 39, 0.9230769230769231],
 ['淖', 33, 39, 0.8461538461538461],
 ['泗', 32, 39, 0.8205128205128205],
 ['冠', 36, 39, 0.9230769230769231],
 ['相', 33, 39, 0.8461538461538461],
 ['麦', 32, 39, 0.8205128205128205],
 ['莫', 37, 39, 0.9487179487179487],
 ['凰', 31, 39, 0.7948717948717948],
 ['艾', 37, 39, 0.9487179487179487],
 ['草', 22, 39, 0.5641025641025641],
 ['梧', 35, 39, 0.8974358974358975],
 ['灌', 29, 39, 0.7435897435897436],
 ['奇', 33, 39, 0.8461538461538461],
 ['乳', 28, 39, 0.717948717948718],
 ['诸', 35, 38, 0.9210526315789473],
 ['彬', 37, 38, 0.9736842105263158],
 ['旭', 33, 38, 0.868421052631579],
 ['简', 33, 38, 0.868421052631579],
 ['栖', 21, 38, 0.5526315789473685],
 ['陂', 34, 38, 0.8947368421052632],
 ['茌', 37, 38, 0.9736842105263158],
 ['聂', 31, 38, 0.8157894736842105],
 ['龚', 34, 38, 0.8947368421052632],
 ['羊', 29, 38, 0.7631578947368421],
 ['兆', 34, 38, 0.8947368421052632],
 ['墩', 13, 37, 0.35135135135135137],
 ['郊', 36, 37, 0.972972972972973],
 ['莎', 33, 37, 0.8918918918918919],
 ['卡', 34, 37, 0.918918918918919],
 ['洁', 37, 37, 1.0],
 ['各', 30, 36, 0.8333333333333334],
 ['当', 22, 36, 0.6111111111111112],
 ['蒲', 7, 36, 0.19444444444444445],
 ['梓', 34, 36, 0.9444444444444444],
 ['年', 29, 36, 0.8055555555555556],
 ['韶', 6, 36, 0.16666666666666666],
 ['乔', 33, 36, 0.9166666666666666],
 ['户', 36, 36, 1.0],
 ['虞', 33, 36, 0.9166666666666666],
 ['厂', 34, 36, 0.9444444444444444],
 ['钱', 32, 35, 0.9142857142857143],
 ['荔', 33, 35, 0.9428571428571428],
 ['洮', 31, 35, 0.8857142857142857],
 ['翟', 3, 35, 0.08571428571428572],
 ['增', 8, 35, 0.22857142857142856],
 ['巫', 33, 35, 0.9428571428571428],
 ['象', 31, 34, 0.9117647058823529],
 ['樊', 22, 34, 0.6470588235294118],
 ['宽', 10, 34, 0.29411764705882354],
 ['柴', 28, 34, 0.8235294117647058],
 ['站', 27, 34, 0.7941176470588235],
 ['圣', 30, 34, 0.8823529411764706],
 ['彩', 32, 34, 0.9411764705882353],
 ['希', 28, 34, 0.8235294117647058],
 ['樟', 24, 34, 0.7058823529411765],
 ['牟', 31, 34, 0.9117647058823529],
 ['柱', 2, 34, 0.058823529411764705],
 ['晨', 34, 34, 1.0],
 ['迪', 28, 34, 0.8235294117647058],
 ['卓', 29, 34, 0.8529411764705882],
 ['阎', 31, 33, 0.9393939393939394],
 ['腾', 24, 33, 0.7272727272727273],
 ['恒', 29, 33, 0.8787878787878788],
 ['睢', 11, 33, 0.3333333333333333],
 ['屋', 29, 33, 0.8787878787878788],
 ['严', 30, 33, 0.9090909090909091],
 ['蚌', 32, 33, 0.9696969696969697],
 ['颍', 29, 33, 0.8787878787878788],
 ['雯', 32, 33, 0.9696969696969697],
 ['素', 29, 33, 0.8787878787878788],
 ['闻', 28, 32, 0.875],
 ['冶', 28, 32, 0.875],
 ['皮', 26, 32, 0.8125],
 ['漯', 2, 32, 0.0625],
 ['莹', 31, 32, 0.96875],
 ['曼', 30, 32, 0.9375],
 ['鸿', 32, 32, 1.0],
 ['织', 22, 32, 0.6875],
 ['书', 32, 32, 1.0],
 ['士', 10, 32, 0.3125],
 ['酒', 31, 32, 0.96875],
 ['琪', 29, 32, 0.90625],
 ['泾', 26, 32, 0.8125],
 ['苑', 4, 32, 0.125],
 ['岚', 30, 32, 0.9375],
 ['萧', 25, 31, 0.8064516129032258],
 ['舟', 30, 31, 0.967741935483871],
 ['培', 28, 31, 0.9032258064516129],
 ['鸭', 25, 31, 0.8064516129032258],
 ['提', 12, 31, 0.3870967741935484],
 ['其', 29, 31, 0.9354838709677419],
 ['耀', 1, 31, 0.03225806451612903],
 ['然', 31, 31, 1.0],
 ['岔', 26, 31, 0.8387096774193549],
 ['巩', 28, 31, 0.9032258064516129],
 ['修', 11, 31, 0.3548387096774194],
 ['坤', 29, 31, 0.9354838709677419],
 ['至', 18, 31, 0.5806451612903226],
 ['从', 30, 31, 0.967741935483871],
 ['祝', 31, 31, 1.0],
 ['传', 5, 31, 0.16129032258064516],
 ['韦', 29, 30, 0.9666666666666667],
 ['冬', 28, 30, 0.9333333333333333],
 ['婺', 25, 30, 0.8333333333333334],
 ['师', 28, 30, 0.9333333333333333],
 ['闫', 1, 30, 0.03333333333333333],
 ['氏', 27, 30, 0.9],
 ['汇', 30, 30, 1.0],
 ['驿', 28, 30, 0.9333333333333333],
 ['巧', 29, 30, 0.9666666666666667],
 ['招', 7, 30, 0.23333333333333334],
 ['有', 27, 30, 0.9],
 ['涟', 29, 30, 0.9666666666666667],
 ['甲', 27, 30, 0.9],
 ['岱', 28, 30, 0.9333333333333333],
 ['磨', 22, 29, 0.7586206896551724],
 ['沅', 26, 29, 0.896551724137931],
 ['岸', 27, 29, 0.9310344827586207],
 ['微', 16, 29, 0.5517241379310345],
 ['涿', 26, 29, 0.896551724137931],
 ['潼', 2, 29, 0.06896551724137931],
 ['郎', 10, 29, 0.3448275862068966],
 ['火', 26, 29, 0.896551724137931],
 ['梨', 28, 29, 0.9655172413793104],
 ['司', 22, 29, 0.7586206896551724],
 ['耿', 27, 29, 0.9310344827586207],
 ['穆', 23, 29, 0.7931034482758621],
 ['欣', 27, 29, 0.9310344827586207],
 ['嵩', 22, 28, 0.7857142857142857],
 ['掖', 27, 28, 0.9642857142857143],
 ['巷', 19, 28, 0.6785714285714286],
 ['堤', 25, 28, 0.8928571428571429],
 ['油', 27, 28, 0.9642857142857143],
 ['即', 24, 28, 0.8571428571428571],
 ['荷', 25, 28, 0.8928571428571429],
 ['查', 23, 28, 0.8214285714285714],
 ['慈', 25, 28, 0.8928571428571429],
 ['圩', 26, 28, 0.9285714285714286],
 ['盖', 26, 28, 0.9285714285714286],
 ['项', 26, 28, 0.9285714285714286],
 ['碑', 22, 28, 0.7857142857142857],
 ['斗', 28, 28, 1.0],
 ['鸣', 23, 28, 0.8214285714285714],
 ['仲', 27, 27, 1.0],
 ['琦', 25, 27, 0.9259259259259259],
 ['纪', 22, 27, 0.8148148148148148],
 ['柘', 19, 27, 0.7037037037037037],
 ['鼎', 25, 27, 0.9259259259259259],
 ['召', 11, 27, 0.4074074074074074],
 ['若', 27, 27, 1.0],
 ['皋', 20, 27, 0.7407407407407407],
 ['轩', 23, 27, 0.8518518518518519],
 ['冷', 23, 27, 0.8518518518518519],
 ['磐', 15, 27, 0.5555555555555556],
 ['茅', 23, 27, 0.8518518518518519],
 ['监', 2, 27, 0.07407407407407407],
 ['故', 11, 27, 0.4074074074074074],
 ['赛', 25, 27, 0.9259259259259259],
 ['甫', 0, 26, 0.0],
 ['杞', 22, 26, 0.8461538461538461],
 ['迎', 22, 26, 0.8461538461538461],
 ['楠', 23, 26, 0.8846153846153846],
 ['健', 25, 26, 0.9615384615384616],
 ['觉', 22, 26, 0.8461538461538461],
 ['麟', 12, 26, 0.46153846153846156],
 ['冀', 6, 26, 0.23076923076923078],
 ['狮', 23, 26, 0.8846153846153846],
 ['碧', 0, 26, 0.0],
 ['法', 25, 26, 0.9615384615384616],
 ['鑫', 0, 26, 0.0],
 ['栾', 23, 25, 0.92],
 ['两', 18, 25, 0.72],
 ['升', 25, 25, 1.0],
 ['悦', 25, 25, 1.0],
 ['跃', 23, 25, 0.92],
 ['院', 21, 25, 0.84],
 ['圳', 23, 25, 0.92],
 ['务', 0, 25, 0.0],
 ['郯', 21, 25, 0.84],
 ['久', 24, 25, 0.96],
 ['傅', 23, 25, 0.92],
 ['颜', 24, 25, 0.96],
 ['崖', 21, 25, 0.84],
 ['童', 5, 25, 0.2],
 ['申', 24, 25, 0.96],
 ['奎', 19, 25, 0.76],
 ['寒', 22, 25, 0.88],
 ['怡', 25, 25, 1.0],
 ['疃', 23, 24, 0.9583333333333334],
 ['荥', 19, 24, 0.7916666666666666],
 ['航', 13, 24, 0.5416666666666666],
 ['菊', 0, 24, 0.0],
 ['蔚', 17, 24, 0.7083333333333334],
 ['虹', 19, 24, 0.7916666666666666],
 ['夹', 20, 24, 0.8333333333333334],
 ['豪', 2, 24, 0.08333333333333333],
 ['浔', 23, 24, 0.9583333333333334],
 ['媛', 11, 24, 0.4583333333333333],
 ['珊', 23, 24, 0.9583333333333334],
 ['榕', 22, 24, 0.9166666666666666],
 ['坻', 20, 24, 0.8333333333333334],
 ['时', 24, 24, 1.0],
 ['乾', 21, 23, 0.9130434782608695],
 ['分', 23, 23, 1.0],
 ['牧', 17, 23, 0.7391304347826086],
 ['敦', 15, 23, 0.6521739130434783],
 ['咀', 17, 23, 0.7391304347826086],
 ['俞', 22, 23, 0.9565217391304348],
 ['儿', 22, 23, 0.9565217391304348],
 ['栋', 21, 23, 0.9130434782608695],
 ['茹', 20, 23, 0.8695652173913043],
 ['艺', 20, 23, 0.8695652173913043],
 ['主', 20, 23, 0.8695652173913043],
 ['聪', 20, 23, 0.8695652173913043],
 ['冰', 21, 23, 0.9130434782608695],
 ['殷', 19, 23, 0.8260869565217391],
 ['枫', 19, 23, 0.8260869565217391],
 ['翁', 17, 23, 0.7391304347826086],
 ['妹', 20, 23, 0.8695652173913043],
 ['棠', 19, 23, 0.8260869565217391],
 ['渝', 20, 23, 0.8695652173913043],
 ['露', 15, 23, 0.6521739130434783],
 ['真', 23, 23, 1.0],
 ['矿', 19, 23, 0.8260869565217391],
 ['坨', 21, 22, 0.9545454545454546],
 ['倪', 21, 22, 0.9545454545454546],
 ['圈', 12, 22, 0.5454545454545454],
 ['佩', 21, 22, 0.9545454545454546],
 ['嘴', 9, 22, 0.4090909090909091],
 ['勐', 8, 22, 0.36363636363636365],
 ['解', 18, 22, 0.8181818181818182],
 ['栗', 14, 22, 0.6363636363636364],
 ['历', 19, 22, 0.8636363636363636],
 ['勤', 20, 22, 0.9090909090909091],
 ['步', 21, 22, 0.9545454545454546],
 ['莆', 22, 22, 1.0],
 ['牌', 2, 22, 0.09090909090909091],
 ['峨', 1, 22, 0.045454545454545456],
 ['窝', 17, 22, 0.7727272727272727],
 ['岑', 19, 22, 0.8636363636363636],
 ['朋', 5, 21, 0.23809523809523808],
 ['汶', 15, 21, 0.7142857142857143],
 ['滑', 4, 21, 0.19047619047619047],
 ['娇', 19, 21, 0.9047619047619048],
 ['将', 17, 21, 0.8095238095238095],
 ['焕', 5, 21, 0.23809523809523808],
 ['淀', 19, 21, 0.9047619047619048],
 ['杏', 17, 21, 0.8095238095238095],
 ['庐', 18, 21, 0.8571428571428571],
 ['费', 19, 21, 0.9047619047619048],
 ['廷', 21, 21, 1.0],
 ['辰', 18, 21, 0.8571428571428571],
 ['暨', 0, 21, 0.0],
 ['旧', 20, 21, 0.9523809523809523],
 ['欧', 19, 21, 0.9047619047619048],
 ['人', 21, 21, 1.0],
 ['显', 19, 21, 0.9047619047619048],
 ['细', 18, 21, 0.8571428571428571],
 ['禾', 20, 21, 0.9523809523809523],
 ['可', 20, 21, 0.9523809523809523],
 ['楞', 17, 21, 0.8095238095238095],
 ['尤', 18, 21, 0.8571428571428571],
 ['涪', 16, 20, 0.8],
 ['卧', 15, 20, 0.75],
 ['森', 19, 20, 0.95],
 ['坞', 12, 20, 0.6],
 ['凡', 20, 20, 1.0],
 ['滋', 1, 20, 0.05],
 ['尉', 16, 20, 0.8],
 ['沾', 20, 20, 1.0],
 ['綦', 18, 20, 0.9],
 ['繁', 10, 20, 0.5],
 ['垭', 18, 20, 0.9],
 ['沭', 18, 20, 0.9],
 ['倩', 19, 20, 0.95],
 ['嘎', 0, 20, 0.0],
 ['蓟', 16, 20, 0.8],
 ['印', 19, 20, 0.95],
 ['占', 20, 20, 1.0],
 ['淇', 18, 20, 0.9],
 ['棣', 19, 20, 0.95],
 ['桦', 18, 20, 0.9],
 ['炉', 12, 20, 0.6],
 ['鄱', 0, 20, 0.0],
 ['浑', 18, 19, 0.9473684210526315],
 ['均', 13, 19, 0.6842105263157895],
 ['鼓', 17, 19, 0.8947368421052632],
 ['攀', 14, 19, 0.7368421052631579],
 ['（', 0, 19, 0.0],
 ['伍', 19, 19, 1.0],
 ['弥', 15, 19, 0.7894736842105263],
 ['本', 19, 19, 1.0],
 ['船', 7, 19, 0.3684210526315789],
 ['坦', 16, 19, 0.8421052631578947],
 ['半', 17, 19, 0.8947368421052632],
 ['浚', 14, 19, 0.7368421052631579],
 ['得', 17, 19, 0.8947368421052632],
 ['间', 6, 19, 0.3157894736842105],
 ['蕉', 16, 19, 0.8421052631578947],
 ['郧', 12, 19, 0.631578947368421],
 ['廉', 12, 19, 0.631578947368421],
 ['积', 17, 19, 0.8947368421052632],
 ['沃', 18, 19, 0.9473684210526315],
 ['壶', 13, 19, 0.6842105263157895],
 ['空', 18, 19, 0.9473684210526315],
 ['蓉', 14, 18, 0.7777777777777778],
 ['鄄', 14, 18, 0.7777777777777778],
 ['鹰', 15, 18, 0.8333333333333334],
 ['盂', 15, 18, 0.8333333333333334],
 ['娥', 18, 18, 1.0],
 ['热', 16, 18, 0.8888888888888888],
 ['炳', 15, 18, 0.8333333333333334],
 ['靳', 18, 18, 1.0],
 ['磊', 17, 18, 0.9444444444444444],
 ['休', 17, 18, 0.9444444444444444],
 ['卿', 17, 18, 0.9444444444444444],
 ['射', 17, 18, 0.9444444444444444],
 ['菲', 17, 18, 0.9444444444444444],
 ['垦', 12, 18, 0.6666666666666666],
 ['默', 16, 18, 0.8888888888888888],
 ['排', 16, 18, 0.8888888888888888],
 ['潜', 16, 18, 0.8888888888888888],
 ['外', 16, 18, 0.8888888888888888],
 ['芹', 18, 18, 1.0],
 ['）', 7, 18, 0.3888888888888889],
 ['妮', 16, 18, 0.8888888888888888],
 ['浠', 15, 18, 0.8333333333333334],
 ['委', 18, 18, 1.0],
 ['芷', 18, 18, 1.0],
 ['泥', 2, 17, 0.11764705882352941],
 ['宅', 15, 17, 0.8823529411764706],
 ['畈', 10, 17, 0.5882352941176471],
 ['索', 15, 17, 0.8823529411764706],
 ['昂', 16, 17, 0.9411764705882353],
 ['符', 15, 17, 0.8823529411764706],
 ['帅', 16, 17, 0.9411764705882353],
 ['璐', 15, 17, 0.8823529411764706],
 ['围', 4, 17, 0.23529411764705882],
 ['牙', 16, 17, 0.9411764705882353],
 ['习', 13, 17, 0.7647058823529411],
 ['钢', 13, 17, 0.7647058823529411],
 ['鲍', 14, 17, 0.8235294117647058],
 ['欢', 17, 17, 1.0],
 ['幸', 15, 17, 0.8823529411764706],
 ['厦', 1, 17, 0.058823529411764705],
 ['岙', 17, 17, 1.0],
 ['交', 17, 17, 1.0],
 ['穴', 15, 17, 0.8823529411764706],
 ['尖', 8, 17, 0.47058823529411764],
 ['铭', 12, 17, 0.7058823529411765],
 ['晶', 16, 17, 0.9411764705882353],
 ['舞', 9, 17, 0.5294117647058824],
 ['闵', 5, 17, 0.29411764705882354],
 ['宕', 8, 16, 0.5],
 ['璧', 14, 16, 0.875],
 ['儋', 0, 16, 0.0],
 ['蕲', 14, 16, 0.875],
 ['儒', 7, 16, 0.4375],
 ['植', 13, 16, 0.8125],
 ['标', 13, 16, 0.8125],
 ['次', 13, 16, 0.8125],
 ['旬', 15, 16, 0.9375],
 ['端', 7, 16, 0.4375],
 ['助', 13, 16, 0.8125],
 ['赖', 16, 16, 1.0],
 ['敖', 14, 16, 0.875],
 ['防', 15, 16, 0.9375],
 ['覃', 15, 16, 0.9375],
 ['晏', 11, 16, 0.6875],
 ['冉', 16, 16, 1.0],
 ['涂', 15, 16, 0.9375],
 ['拜', 13, 16, 0.8125],
 ['菜', 14, 16, 0.875],
 ['朐', 1, 16, 0.0625],
 ['沐', 16, 16, 1.0],
 ['椒', 1, 16, 0.0625],
 ['棱', 10, 16, 0.625],
 ['互', 8, 16, 0.5],
 ['汀', 16, 16, 1.0],
 ['恰', 7, 16, 0.4375],
 ['绛', 13, 16, 0.8125],
 ['巍', 13, 16, 0.8125],
 ['毅', 15, 16, 0.9375],
 ['郏', 14, 16, 0.875],
 ['兖', 1, 15, 0.06666666666666667],
 ['柔', 13, 15, 0.8666666666666667],
 ['季', 12, 15, 0.8],
 ['濉', 1, 15, 0.06666666666666667],
 ['茜', 3, 15, 0.2],
 ['玮', 13, 15, 0.8666666666666667],
 ['为', 13, 15, 0.8666666666666667],
 ['邻', 14, 15, 0.9333333333333333],
 ['闸', 3, 15, 0.2],
 ['槐', 14, 15, 0.9333333333333333],
 ['宪', 15, 15, 1.0],
 ['放', 12, 15, 0.8],
 ['额', 5, 15, 0.3333333333333333],
 ['禄', 14, 15, 0.9333333333333333],
 ['骅', 3, 15, 0.2],
 ['实', 15, 15, 1.0],
 ['诚', 14, 15, 0.9333333333333333],
 ['炜', 0, 15, 0.0],
 ['姑', 13, 15, 0.8666666666666667],
 ['潞', 14, 15, 0.9333333333333333],
 ['猗', 12, 14, 0.8571428571428571],
 ['首', 0, 14, 0.0],
 ['疏', 14, 14, 1.0],
 ['夷', 13, 14, 0.9285714285714286],
 ['旌', 11, 14, 0.7857142857142857],
 ['诗', 13, 14, 0.9285714285714286],
 ['奕', 14, 14, 1.0],
 ['陀', 10, 14, 0.7142857142857143],
 ['央', 11, 14, 0.7857142857142857],
 ['捷', 13, 14, 0.9285714285714286],
 ['介', 14, 14, 1.0],
 ['嵊', 5, 14, 0.35714285714285715],
 ['腰', 13, 14, 0.9285714285714286],
 ['麒', 12, 14, 0.8571428571428571],
 ['桓', 4, 14, 0.2857142857142857],
 ['守', 13, 14, 0.9285714285714286],
 ['征', 12, 14, 0.8571428571428571],
 ['涞', 12, 14, 0.8571428571428571],
 ['褚', 13, 14, 0.9285714285714286],
 ['脚', 11, 14, 0.7857142857142857],
 ['厚', 13, 14, 0.9285714285714286],
 ['霄', 0, 14, 0.0],
 ['湟', 3, 14, 0.21428571428571427],
 ['未', 12, 14, 0.8571428571428571],
 ['磁', 6, 14, 0.42857142857142855],
 ['屿', 8, 14, 0.5714285714285714],
 ['圆', 13, 14, 0.9285714285714286],
 ['灿', 12, 14, 0.8571428571428571],
 ['坛', 12, 14, 0.8571428571428571],
 ['字', 12, 13, 0.9230769230769231],
 ['圪', 10, 13, 0.7692307692307693],
 ['息', 9, 13, 0.6923076923076923],
 ['吐', 13, 13, 1.0],
 ['贞', 13, 13, 1.0],
 ['足', 13, 13, 1.0],
 ['蛟', 6, 13, 0.46153846153846156],
 ['列', 11, 13, 0.8461538461538461],
 ['淳', 12, 13, 0.9230769230769231],
 ['男', 13, 13, 1.0],
 ['党', 11, 13, 0.8461538461538461],
 ['复', 13, 13, 1.0],
 ['谦', 11, 13, 0.8461538461538461],
 ['卜', 12, 13, 0.9230769230769231],
 ['盱', 10, 13, 0.7692307692307693],
 ['晖', 13, 13, 1.0],
 ['悟', 11, 13, 0.8461538461538461],
 ['番', 13, 13, 1.0],
 ['综', 2, 13, 0.15384615384615385],
 ['坚', 12, 13, 0.9230769230769231],
 ['财', 12, 13, 0.9230769230769231],
 ['臣', 13, 13, 1.0],
 ['勋', 12, 13, 0.9230769230769231],
 ['考', 13, 13, 1.0],
 ['敬', 12, 13, 0.9230769230769231],
 ['献', 11, 13, 0.8461538461538461],
 ['仑', 12, 13, 0.9230769230769231],
 ['劳', 13, 13, 1.0],
 ['育', 12, 13, 0.9230769230769231],
 ['零', 10, 12, 0.8333333333333334],
 ['舍', 11, 12, 0.9166666666666666],
 ['坂', 9, 12, 0.75],
 ['荫', 4, 12, 0.3333333333333333],
 ['沽', 4, 12, 0.3333333333333333],
 ['亨', 12, 12, 1.0],
 ['妙', 11, 12, 0.9166666666666666],
 ['耒', 2, 12, 0.16666666666666666],
 ['阮', 11, 12, 0.9166666666666666],
 ['馆', 9, 12, 0.75],
 ['涡', 6, 12, 0.5],
 ['戈', 12, 12, 1.0],
 ['骆', 9, 12, 0.75],
 ['赞', 9, 12, 0.75],
 ['沛', 8, 12, 0.6666666666666666],
 ['婧', 10, 12, 0.8333333333333334],
 ['瑜', 12, 12, 1.0],
 ['稻', 11, 12, 0.9166666666666666],
 ['峙', 10, 12, 0.8333333333333334],
 ['突', 8, 12, 0.6666666666666666],
 ['设', 11, 12, 0.9166666666666666],
 ['伏', 12, 12, 1.0],
 ['渔', 10, 12, 0.8333333333333334],
 ['阆', 3, 12, 0.25],
 ['坎', 12, 12, 1.0],
 ['潢', 0, 12, 0.0],
 ['服', 0, 12, 0.0],
 ['婉', 1, 12, 0.08333333333333333],
 ['宛', 10, 12, 0.8333333333333334],
 ['仕', 12, 12, 1.0],
 ['殿', 10, 12, 0.8333333333333334],
 ['澄', 2, 12, 0.16666666666666666],
 ['闽', 10, 12, 0.8333333333333334],
 ['掌', 6, 12, 0.5],
 ['瓯', 3, 12, 0.25],
 ['珙', 11, 12, 0.9166666666666666],
 ['溆', 0, 12, 0.0],
 ['坟', 7, 11, 0.6363636363636364],
 ['版', 7, 11, 0.6363636363636364],
 ['炎', 10, 11, 0.9090909090909091],
 ['结', 7, 11, 0.6363636363636364],
 ['岷', 5, 11, 0.45454545454545453],
 ['归', 11, 11, 1.0],
 ['舜', 11, 11, 1.0],
 ['箭', 9, 11, 0.8181818181818182],
 ['枞', 9, 11, 0.8181818181818182],
 ['佐', 9, 11, 0.8181818181818182],
 ['淅', 1, 11, 0.09090909090909091],
 ['丛', 11, 11, 1.0],
 ['雍', 9, 11, 0.8181818181818182],
 ['驼', 7, 11, 0.6363636363636364],
 ['芮', 10, 11, 0.9090909090909091],
 ['验', 5, 11, 0.45454545454545453],
 ['打', 10, 11, 0.9090909090909091],
 ['员', 11, 11, 1.0],
 ['革', 10, 11, 0.9090909090909091],
 ['鄢', 11, 11, 1.0],
 ['霸', 10, 11, 0.9090909090909091],
 ['琅', 10, 11, 0.9090909090909091],
 ['令', 9, 11, 0.8181818181818182],
 ['曙', 4, 11, 0.36363636363636365],
 ['峒', 10, 11, 0.9090909090909091],
 ['厢', 0, 11, 0.0],
 ['孤', 11, 11, 1.0],
 ['茨', 10, 11, 0.9090909090909091],
 ['融', 8, 11, 0.7272727272727273],
 ['筠', 11, 11, 1.0],
 ['共', 10, 11, 0.9090909090909091],
 ['菁', 2, 11, 0.18181818181818182],
 ['涌', 11, 11, 1.0],
 ['拖', 9, 11, 0.8181818181818182],
 ['研', 9, 11, 0.8181818181818182],
 ['侠', 10, 11, 0.9090909090909091],
 ['拱', 1, 10, 0.1],
 ['乃', 10, 10, 1.0],
 ['娅', 10, 10, 1.0],
 ['斜', 8, 10, 0.8],
 ['聚', 10, 10, 1.0],
 ['奈', 0, 10, 0.0],
 ['响', 9, 10, 0.9],
 ['裴', 2, 10, 0.2],
 ['垟', 7, 10, 0.7],
 ['屠', 4, 10, 0.4],
 ['起', 7, 10, 0.7],
 ['谯', 8, 10, 0.8],
 ['极', 8, 10, 0.8],
 ['体', 10, 10, 1.0],
 ['偏', 6, 10, 0.6],
 ['陟', 3, 10, 0.3],
 ['澧', 9, 10, 0.9],
 ['脂', 6, 10, 0.6],
 ['碾', 8, 10, 0.8],
 ['穗', 10, 10, 1.0],
 ['逊', 8, 10, 0.8],
 ['娣', 9, 10, 0.9],
 ['郁', 8, 10, 0.8],
 ['录', 8, 10, 0.8],
 ['薇', 10, 10, 1.0],
 ['夫', 10, 10, 1.0],
 ['呈', 6, 10, 0.6],
 ['瓜', 10, 10, 1.0],
 ['罕', 8, 10, 0.8],
 ['勃', 2, 10, 0.2],
 ['眙', 7, 10, 0.7],
 ['弋', 10, 10, 1.0],
 ['鹅', 4, 10, 0.4],
 ['灞', 9, 10, 0.9],
 ['郫', 8, 10, 0.8],
 ['祠', 4, 10, 0.4],
 ['娴', 9, 10, 0.9],
 ['庭', 0, 10, 0.0],
 ['缙', 7, 10, 0.7],
 ['垅', 0, 10, 0.0],
 ['陉', 9, 10, 0.9],
 ['稷', 0, 10, 0.0],
 ['埇', 8, 10, 0.8],
 ['功', 9, 10, 0.9],
 ['佑', 9, 10, 0.9],
 ['藁', 6, 10, 0.6],
 ['背', 8, 10, 0.8],
 ['娘', 7, 10, 0.7],
 ['邳', 6, 10, 0.6],
 ['堆', 7, 10, 0.7],
 ['攸', 4, 10, 0.4],
 ['豫', 9, 10, 0.9],
 ['种', 7, 9, 0.7777777777777778],
 ['镜', 8, 9, 0.8888888888888888],
 ['要', 0, 9, 0.0],
 ['瑾', 9, 9, 1.0],
 ['塞', 7, 9, 0.7777777777777778],
 ['砂', 0, 9, 0.0],
 ['鸠', 7, 9, 0.7777777777777778],
 ['展', 8, 9, 0.8888888888888888],
 ['詹', 9, 9, 1.0],
 ['钓', 0, 9, 0.0],
 ['影', 8, 9, 0.8888888888888888],
 ['陡', 4, 9, 0.4444444444444444],
 ['禺', 9, 9, 1.0],
 ['慕', 8, 9, 0.8888888888888888],
 ['钰', 6, 9, 0.6666666666666666],
 ['霖', 6, 9, 0.6666666666666666],
 ['畔', 7, 9, 0.7777777777777778],
 ['砚', 6, 9, 0.6666666666666666],
 ['豆', 9, 9, 1.0],
 ['改', 9, 9, 1.0],
 ['众', 8, 9, 0.8888888888888888],
 ['昊', 9, 9, 1.0],
 ['墙', 9, 9, 1.0],
 ['鸦', 8, 9, 0.8888888888888888],
 ['苟', 5, 9, 0.5555555555555556],
 ['粮', 0, 9, 0.0],
 ['彤', 9, 9, 1.0],
 ['墅', 8, 9, 0.8888888888888888],
 ['哨', 8, 9, 0.8888888888888888],
 ['邦', 9, 9, 1.0],
 ['存', 5, 9, 0.5555555555555556],
 ['席', 8, 9, 0.8888888888888888],
 ['绿', 9, 9, 1.0],
 ['淼', 7, 9, 0.7777777777777778],
 ['鳌', 8, 9, 0.8888888888888888],
 ['庵', 9, 9, 1.0],
 ['垛', 9, 9, 1.0],
 ['之', 9, 9, 1.0],
 ['喻', 9, 9, 1.0],
 ['意', 2, 9, 0.2222222222222222],
 ['拐', 3, 9, 0.3333333333333333],
 ['恭', 9, 9, 1.0],
 ['示', 9, 9, 1.0],
 ['准', 8, 9, 0.8888888888888888],
 ['午', 9, 9, 1.0],
 ['初', 8, 9, 0.8888888888888888],
 ['杉', 7, 9, 0.7777777777777778],
 ['队', 8, 8, 1.0],
 ['塬', 6, 8, 0.75],
 ['窦', 8, 8, 1.0],
 ['鞠', 8, 8, 1.0],
 ['现', 7, 8, 0.875],
 ['蓓', 5, 8, 0.625],
 ['刁', 8, 8, 1.0],
 ['丈', 8, 8, 1.0],
 ['杆', 5, 8, 0.625],
 ['筱', 8, 8, 1.0],
 ['岫', 0, 8, 0.0],
 ['汗', 8, 8, 1.0],
 ['锁', 2, 8, 0.25],
 ['寅', 8, 8, 1.0],
 ['姬', 7, 8, 0.875],
 ['举', 8, 8, 1.0],
 ['练', 7, 8, 0.875],
 ['槽', 1, 8, 0.125],
 ['蕾', 4, 8, 0.5],
 ['钧', 0, 8, 0.0],
 ['妍', 8, 8, 1.0],
 ['言', 8, 8, 1.0],
 ['勉', 1, 8, 0.125],
 ['崆', 0, 8, 0.0],
 ['孚', 6, 8, 0.75],
 ['蒿', 8, 8, 1.0],
 ['溧', 7, 8, 0.875],
 ['潇', 8, 8, 1.0],
 ['震', 7, 8, 0.875],
 ['典', 6, 8, 0.75],
 ['杖', 7, 8, 0.875],
 ['比', 8, 8, 1.0],
 ['册', 8, 8, 1.0],
 ['接', 2, 8, 0.25],
 ['邬', 7, 8, 0.875],
 ['琊', 7, 8, 0.875],
 ['禅', 8, 8, 1.0],
 ['也', 7, 8, 0.875],
 ['砀', 1, 8, 0.125],
 ['寇', 8, 8, 1.0],
 ['跳', 2, 8, 0.25],
 ['绪', 4, 8, 0.5],
 ['教', 2, 8, 0.25],
 ['套', 6, 8, 0.75],
 ['翰', 3, 8, 0.375],
 ['尕', 7, 8, 0.875],
 ['姣', 8, 8, 1.0],
 ['芸', 6, 8, 0.75],
 ['电', 8, 8, 1.0],
 ['帆', 2, 8, 0.25],
 ['猛', 8, 8, 1.0],
 ['嫩', 8, 8, 1.0],
 ['晴', 7, 8, 0.875],
 ['女', 8, 8, 1.0],
 ['蕴', 7, 8, 0.875],
 ['磴', 4, 7, 0.5714285714285714],
 ['垌', 3, 7, 0.42857142857142855],
 ['买', 6, 7, 0.8571428571428571],
 ['滔', 6, 7, 0.8571428571428571],
 ['腊', 0, 7, 0.0],
 ['彰', 7, 7, 1.0],
 ['匡', 7, 7, 1.0],
 ['非', 0, 7, 0.0],
 ['允', 7, 7, 1.0],
 ['涵', 7, 7, 1.0],
 ['纸', 6, 7, 0.8571428571428571],
 ['岐', 2, 7, 0.2857142857142857],
 ['谊', 7, 7, 1.0],
 ['睦', 4, 7, 0.5714285714285714],
 ['涉', 7, 7, 1.0],
 ['含', 0, 7, 0.0],
 ['棋', 3, 7, 0.42857142857142855],
 ['姗', 7, 7, 1.0],
 ['仇', 7, 7, 1.0],
 ['旅', 4, 7, 0.5714285714285714],
 ['灰', 5, 7, 0.7142857142857143],
 ['骏', 7, 7, 1.0],
 ['遥', 7, 7, 1.0],
 ['峻', 6, 7, 0.8571428571428571],
 ['砖', 0, 7, 0.0],
 ['酉', 7, 7, 1.0],
 ['垱', 7, 7, 1.0],
 ['峄', 7, 7, 1.0],
 ['蠡', 6, 7, 0.8571428571428571],
 ['巡', 4, 7, 0.5714285714285714],
 ['螺', 5, 7, 0.7142857142857143],
 ['所', 4, 7, 0.5714285714285714],
 ['渊', 6, 7, 0.8571428571428571],
 ['芒', 5, 7, 0.7142857142857143],
 ['暖', 0, 7, 0.0],
 ['巢', 3, 7, 0.42857142857142855],
 ['硕', 2, 7, 0.2857142857142857],
 ['屈', 7, 7, 1.0],
 ['鲤', 6, 7, 0.8571428571428571],
 ['战', 3, 7, 0.42857142857142855],
 ['俐', 6, 7, 0.8571428571428571],
 ['熙', 4, 7, 0.5714285714285714],
 ['阔', 7, 7, 1.0],
 ['圭', 7, 7, 1.0],
 ['澜', 5, 7, 0.7142857142857143],
 ['睿', 7, 7, 1.0],
 ['竞', 3, 7, 0.42857142857142855],
 ['濂', 4, 7, 0.5714285714285714],
 ['票', 3, 7, 0.42857142857142855],
 ['策', 1, 7, 0.14285714285714285],
 ['皓', 7, 7, 1.0],
 ['郜', 0, 7, 0.0],
 ['埭', 4, 7, 0.5714285714285714],
 ['泳', 7, 7, 1.0],
 ['隋', 7, 7, 1.0],
 ['墕', 0, 7, 0.0],
 ['阡', 3, 7, 0.42857142857142855],
 ['荒', 6, 7, 0.8571428571428571],
 ['馨', 6, 7, 0.8571428571428571],
 ['等', 4, 7, 0.5714285714285714],
 ['确', 6, 7, 0.8571428571428571],
 ['卞', 6, 6, 1.0],
 ['鲅', 0, 6, 0.0],
 ['甄', 6, 6, 1.0],
 ['伽', 5, 6, 0.8333333333333334],
 ['由', 6, 6, 1.0],
 ['循', 6, 6, 1.0],
 ['驰', 6, 6, 1.0],
 ['母', 5, 6, 0.8333333333333334],
 ['邗', 5, 6, 0.8333333333333334],
 ['寮', 3, 6, 0.5],
 ['萌', 6, 6, 1.0],
 ['蛇', 5, 6, 0.8333333333333334],
 ['诏', 0, 6, 0.0],
 ['瞿', 6, 6, 1.0],
 ['盼', 6, 6, 1.0],
 ['瓮', 2, 6, 0.3333333333333333],
 ['狄', 6, 6, 1.0],
 ['附', 5, 6, 0.8333333333333334],
 ['犹', 5, 6, 0.8333333333333334],
 ['核', 4, 6, 0.6666666666666666],
 ['念', 6, 6, 1.0],
 ['溜', 5, 6, 0.8333333333333334],
 ['厝', 0, 6, 0.0],
 ['岘', 4, 6, 0.6666666666666666],
 ['烦', 2, 6, 0.3333333333333333],
 ['砦', 5, 6, 0.8333333333333334],
 ['罡', 6, 6, 1.0],
 ['们', 6, 6, 1.0],
 ['泌', 5, 6, 0.8333333333333334],
 ['帮', 6, 6, 1.0],
 ['芭', 4, 6, 0.6666666666666666],
 ['企', 5, 6, 0.8333333333333334],
 ['鄞', 6, 6, 1.0],
 ['检', 0, 6, 0.0],
 ['晃', 3, 6, 0.5],
 ['际', 5, 6, 0.8333333333333334],
 ['蓥', 0, 6, 0.0],
 ['昕', 6, 6, 1.0],
 ['佘', 6, 6, 1.0],
 ['瑛', 5, 6, 0.8333333333333334],
 ['甜', 6, 6, 1.0],
 ['措', 0, 6, 0.0],
 ['珲', 5, 6, 0.8333333333333334],
 ['摆', 3, 6, 0.5],
 ['造', 2, 6, 0.3333333333333333],
 ['束', 1, 6, 0.16666666666666666],
 ['隔', 6, 6, 1.0],
 ['衣', 5, 6, 0.8333333333333334],
 ['蓼', 5, 6, 0.8333333333333334],
 ['漕', 0, 6, 0.0],
 ['添', 6, 6, 1.0],
 ['囊', 5, 6, 0.8333333333333334],
 ['架', 5, 6, 0.8333333333333334],
 ['戚', 6, 6, 1.0],
 ['灶', 5, 6, 0.8333333333333334],
 ['好', 6, 6, 1.0],
 ['蔺', 6, 6, 1.0],
 ['棚', 6, 6, 1.0],
 ['浉', 3, 6, 0.5],
 ['赉', 5, 6, 0.8333333333333334],
 ['谈', 5, 6, 0.8333333333333334],
 ['妃', 5, 6, 0.8333333333333334],
 ['彪', 6, 6, 1.0],
 ['韵', 4, 6, 0.6666666666666666],
 ['弓', 6, 6, 1.0],
 ['班', 3, 6, 0.5],
 ['偃', 2, 6, 0.3333333333333333],
 ['胥', 5, 6, 0.8333333333333334],
 ['婵', 5, 6, 0.8333333333333334],
 ['支', 6, 6, 1.0],
 ['恺', 5, 6, 0.8333333333333334],
 ['夼', 6, 6, 1.0],
 ['冢', 6, 6, 1.0],
 ['昔', 4, 6, 0.6666666666666666],
 ['铅', 5, 6, 0.8333333333333334],
 ['笑', 6, 6, 1.0],
 ['缪', 0, 6, 0.0],
 ['获', 5, 6, 0.8333333333333334],
 ['浏', 5, 6, 0.8333333333333334],
 ['耳', 6, 6, 1.0],
 ['泮', 6, 6, 1.0],
 ['隘', 4, 6, 0.6666666666666666],
 ['径', 6, 6, 1.0],
 ['能', 6, 6, 1.0],
 ['煌', 5, 6, 0.8333333333333334],
 ['婕', 6, 6, 1.0],
 ['坳', 6, 6, 1.0],
 ['降', 5, 5, 1.0],
 ['讷', 5, 5, 1.0],
 ['优', 5, 5, 1.0],
 ['精', 0, 5, 0.0],
 ['皂', 3, 5, 0.6],
 ['霜', 5, 5, 1.0],
 ['知', 5, 5, 1.0],
 ['辋', 4, 5, 0.8],
 ['谋', 3, 5, 0.6],
 ['瀚', 5, 5, 1.0],
 ['厅', 5, 5, 1.0],
 ['玺', 2, 5, 0.4],
 ['柿', 3, 5, 0.6],
 ['藤', 3, 5, 0.6],
 ['瀍', 2, 5, 0.4],
 ['选', 1, 5, 0.2],
 ['励', 5, 5, 1.0],
 ['煜', 3, 5, 0.6],
 ['臧', 4, 5, 0.8],
 ['又', 2, 5, 0.4],
 ['畜', 5, 5, 1.0],
 ['映', 0, 5, 0.0],
 ['洙', 5, 5, 1.0],
 ['佟', 5, 5, 1.0],
 ['刀', 5, 5, 1.0],
 ['奚', 4, 5, 0.8],
 ['雾', 1, 5, 0.2],
 ['戎', 5, 5, 1.0],
 ['苇', 5, 5, 1.0],
 ['埂', 5, 5, 1.0],
 ['弄', 5, 5, 1.0],
 ['补', 4, 5, 0.8],
 ['让', 4, 5, 0.8],
 ['魁', 5, 5, 1.0],
 ['朵', 4, 5, 0.8],
 ['纯', 4, 5, 0.8],
 ['播', 5, 5, 1.0],
 ['棉', 5, 5, 1.0],
 ['卉', 4, 5, 0.8],
 ['走', 5, 5, 1.0],
 ['俏', 4, 5, 0.8],
 ['姿', 5, 5, 1.0],
 ['沥', 5, 5, 1.0],
 ['堽', 2, 5, 0.4],
 ['弘', 5, 5, 1.0],
 ['薄', 4, 5, 0.8],
 ['凹', 5, 5, 1.0],
 ['码', 4, 5, 0.8],
 ['铃', 5, 5, 1.0],
 ['喇', 4, 5, 0.8],
 ['第', 2, 5, 0.4],
 ['廿', 5, 5, 1.0],
 ['浴', 4, 5, 0.8],
 ['埝', 4, 5, 0.8],
 ['离', 5, 5, 1.0],
 ['崎', 5, 5, 1.0],
 ['泡', 0, 5, 0.0],
 ['涯', 3, 5, 0.6],
 ['龄', 5, 5, 1.0],
 ['檬', 5, 5, 1.0],
 ['伶', 3, 5, 0.6],
 ['邛', 5, 5, 1.0],
 ['鸽', 5, 5, 1.0],
 ['箕', 2, 5, 0.4],
 ['墟', 1, 5, 0.2],
 ['盆', 5, 5, 1.0],
 ['滴', 2, 5, 0.4],
 ['粉', 1, 5, 0.2],
 ['兔', 5, 5, 1.0],
 ['逸', 5, 5, 1.0],
 ['钊', 4, 5, 0.8],
 ['伞', 5, 5, 1.0],
 ['亦', 4, 5, 0.8],
 ['靓', 4, 5, 0.8],
 ['护', 5, 5, 1.0],
 ['茗', 5, 5, 1.0],
 ['啸', 4, 5, 0.8],
 ['垡', 4, 5, 0.8],
 ['湄', 5, 5, 1.0],
 ['寻', 5, 5, 1.0],
 ['烈', 5, 5, 1.0],
 ['假', 4, 4, 1.0],
 ['乘', 4, 4, 1.0],
 ['皎', 4, 4, 1.0],
 ['萝', 4, 4, 1.0],
 ['况', 4, 4, 1.0],
 ['亩', 2, 4, 0.5],
 ['校', 3, 4, 0.75],
 ['缘', 4, 4, 1.0],
 ['歙', 1, 4, 0.25],
 ['迤', 0, 4, 0.0],
 ['须', 4, 4, 1.0],
 ['亿', 4, 4, 1.0],
 ['柞', 2, 4, 0.5],
 ['境', 2, 4, 0.5],
 ['窖', 2, 4, 0.5],
 ['炯', 0, 4, 0.0],
 ['凝', 3, 4, 0.75],
 ['荡', 0, 4, 0.0],
 ['笋', 4, 4, 1.0],
 ['烧', 0, 4, 0.0],
 ['笃', 4, 4, 1.0],
 ['漆', 4, 4, 1.0],
 ['条', 3, 4, 0.75],
 ['秭', 3, 4, 0.75],
 ['溢', 3, 4, 0.75],
 ['郡', 2, 4, 0.5],
 ['烽', 3, 4, 0.75],
 ['颈', 2, 4, 0.5],
 ['邡', 4, 4, 1.0],
 ['衍', 2, 4, 0.5],
 ['蟠', 0, 4, 0.0],
 ['虚', 4, 4, 1.0],
 ['雀', 4, 4, 1.0],
 ['町', 1, 4, 0.25],
 ['匠', 3, 4, 0.75],
 ['品', 2, 4, 0.5],
 ['尊', 4, 4, 1.0],
 ['仆', 3, 4, 0.75],
 ['喂', 2, 4, 0.5],
 ['过', 2, 4, 0.5],
 ['菩', 4, 4, 1.0],
 ['盈', 1, 4, 0.25],
 ['舆', 2, 4, 0.5],
 ['璃', 0, 4, 0.0],
 ['樱', 3, 4, 0.75],
 ['散', 0, 4, 0.0],
 ['块', 4, 4, 1.0],
 ['寸', 4, 4, 1.0],
 ['弟', 4, 4, 1.0],
 ['郾', 3, 4, 0.75],
 ['汛', 3, 4, 0.75],
 ['宰', 4, 4, 1.0],
 ['丝', 2, 4, 0.5],
 ['堌', 2, 4, 0.5],
 ['璇', 1, 4, 0.25],
 ['滚', 2, 4, 0.5],
 ['灯', 3, 4, 0.75],
 ['目', 2, 4, 0.5],
 ['鉴', 3, 4, 0.75],
 ['迦', 2, 4, 0.5],
 ['庸', 4, 4, 1.0],
 ['洗', 4, 4, 1.0],
 ['崂', 4, 4, 1.0],
 ['碌', 4, 4, 1.0],
 ['檀', 0, 4, 0.0],
 ['渚', 2, 4, 0.5],
 ['脑', 1, 4, 0.25],
 ['廓', 3, 4, 0.75],
 ['亓', 4, 4, 1.0],
 ['载', 4, 4, 1.0],
 ['苹', 2, 4, 0.5],
 ['珂', 4, 4, 1.0],
 ['采', 0, 4, 0.0],
 ['者', 4, 4, 1.0],
 ['以', 3, 4, 0.75],
 ['熟', 2, 4, 0.5],
 ['崃', 3, 4, 0.75],
 ['位', 0, 4, 0.0],
 ['叙', 4, 4, 1.0],
 ['琥', 3, 4, 0.75],
 ['稠', 2, 4, 0.5],
 ['咏', 4, 4, 1.0],
 ['鸳', 0, 4, 0.0],
 ['面', 4, 4, 1.0],
 ['鸾', 1, 4, 0.25],
 ['琛', 4, 4, 1.0],
 ['声', 4, 4, 1.0],
 ['礤', 3, 4, 0.75],
 ['争', 4, 4, 1.0],
 ['鄠', 4, 4, 1.0],
 ['陌', 3, 4, 0.75],
 ['类', 4, 4, 1.0],
 ['叉', 4, 4, 1.0],
 ['净', 4, 4, 1.0],
 ['对', 4, 4, 1.0],
 ['梭', 2, 4, 0.5],
 ['期', 3, 4, 0.75],
 ['槎', 1, 4, 0.25],
 ['殊', 4, 4, 1.0],
 ['转', 4, 4, 1.0],
 ['泓', 3, 4, 0.75],
 ['奋', 4, 4, 1.0],
 ['异', 4, 4, 1.0],
 ['落', 4, 4, 1.0],
 ['协', 4, 4, 1.0],
 ['邺', 3, 4, 0.75],
 ['蕊', 4, 4, 1.0],
 ['早', 4, 4, 1.0],
 ['专', 4, 4, 1.0],
 ['玄', 4, 4, 1.0],
 ['迟', 2, 4, 0.5],
 ['椿', 0, 4, 0.0],
 ['沱', 0, 4, 0.0],
 ['差', 3, 4, 0.75],
 ['芙', 3, 4, 0.75],
 ['断', 4, 4, 1.0],
 ['蹄', 3, 4, 0.75],
 ['杠', 3, 4, 0.75],
 ['旁', 1, 4, 0.25],
 ['芗', 4, 4, 1.0],
 ['萱', 0, 4, 0.0],
 ['阚', 4, 4, 1.0],
 ['活', 3, 4, 0.75],
 ['炭', 4, 4, 1.0],
 ['汲', 4, 4, 1.0],
 ['往', 4, 4, 1.0],
 ['粟', 1, 4, 0.25],
 ['号', 1, 3, 0.3333333333333333],
 ['移', 2, 3, 0.6666666666666666],
 ['兜', 3, 3, 1.0],
 ['峤', 2, 3, 0.6666666666666666],
 ['引', 3, 3, 1.0],
 ['澳', 2, 3, 0.6666666666666666],
 ['鸯', 3, 3, 1.0],
 ['侨', 3, 3, 1.0],
 ['忆', 0, 3, 0.0],
 ['扁', 3, 3, 1.0],
 ['形', 3, 3, 1.0],
 ['语', 3, 3, 1.0],
 ['演', 2, 3, 0.6666666666666666],
 ['担', 3, 3, 1.0],
 ['掇', 0, 3, 0.0],
 ['更', 3, 3, 1.0],
 ['桠', 2, 3, 0.6666666666666666],
 ['审', 3, 3, 1.0],
 ['饮', 2, 3, 0.6666666666666666],
 ['逢', 2, 3, 0.6666666666666666],
 ['总', 2, 3, 0.6666666666666666],
 ['忱', 2, 3, 0.6666666666666666],
 ['箐', 1, 3, 0.3333333333333333],
 ['蛮', 1, 3, 0.3333333333333333],
 ['斐', 0, 3, 0.0],
 ['爽', 3, 3, 1.0],
 ['帕', 2, 3, 0.6666666666666666],
 ['祯', 3, 3, 1.0],
 ['但', 3, 3, 1.0],
 ['垸', 2, 3, 0.6666666666666666],
 ['尺', 3, 3, 1.0],
 ['隽', 3, 3, 1.0],
 ['嗣', 3, 3, 1.0],
 ['只', 2, 3, 0.6666666666666666],
 ['榨', 3, 3, 1.0],
 ['统', 2, 3, 0.6666666666666666],
 ['客', 1, 3, 0.3333333333333333],
 ['琨', 3, 3, 1.0],
 ['琉', 3, 3, 1.0],
 ['羽', 3, 3, 1.0],
 ['略', 0, 3, 0.0],
 ['塄', 3, 3, 1.0],
 ['搬', 0, 3, 0.0],
 ['淋', 3, 3, 1.0],
 ['壕', 2, 3, 0.6666666666666666],
 ['蒜', 3, 3, 1.0],
 ['锅', 0, 3, 0.0],
 ['蜀', 2, 3, 0.6666666666666666],
 ['堵', 2, 3, 0.6666666666666666],
 ['属', 1, 3, 0.3333333333333333],
 ['再', 3, 3, 1.0],
 ['线', 3, 3, 1.0],
 ['椅', 3, 3, 1.0],
 ['乍', 2, 3, 0.6666666666666666],
 ['轸', 3, 3, 1.0],
 ['汽', 1, 3, 0.3333333333333333],
 ['蝶', 3, 3, 1.0],
 ['必', 3, 3, 1.0],
 ['扇', 0, 3, 0.0],
 ['约', 3, 3, 1.0],
 ['秉', 3, 3, 1.0],
 ['因', 2, 3, 0.6666666666666666],
 ['竺', 1, 3, 0.3333333333333333],
 ['具', 3, 3, 1.0],
 ['迈', 2, 3, 0.6666666666666666],
 ['收', 3, 3, 1.0],
 ['操', 3, 3, 1.0],
 ['壤', 2, 3, 0.6666666666666666],
 ['盏', 2, 3, 0.6666666666666666],
 ['茫', 3, 3, 1.0],
 ['捞', 3, 3, 1.0],
 ['懿', 3, 3, 1.0],
 ['轲', 3, 3, 1.0],
 ['焰', 1, 3, 0.3333333333333333],
 ['挥', 3, 3, 1.0],
 ['玖', 3, 3, 1.0],
 ['驹', 0, 3, 0.0],
 ['酇', 3, 3, 1.0],
 ['冕', 2, 3, 0.6666666666666666],
 ['榜', 0, 3, 0.0],
 ['奥', 2, 3, 0.6666666666666666],
 ['灏', 3, 3, 1.0],
 ['挺', 3, 3, 1.0],
 ['炬', 1, 3, 0.3333333333333333],
 ['妥', 3, 3, 1.0],
 ['狗', 1, 3, 0.3333333333333333],
 ['旋', 2, 3, 0.6666666666666666],
 ['嫣', 3, 3, 1.0],
 ['桩', 3, 3, 1.0],
 ['纲', 0, 3, 0.0],
 ['傲', 2, 3, 0.6666666666666666],
 ['麓', 1, 3, 0.3333333333333333],
 ['涝', 2, 3, 0.6666666666666666],
 ['稍', 3, 3, 1.0],
 ['摇', 3, 3, 1.0],
 ['雹', 2, 3, 0.6666666666666666],
 ['矶', 3, 3, 1.0],
 ['鲇', 3, 3, 1.0],
 ['铮', 3, 3, 1.0],
 ['拟', 3, 3, 1.0],
 ['养', 3, 3, 1.0],
 ['顷', 2, 3, 0.6666666666666666],
 ['坬', 3, 3, 1.0],
 ['骑', 3, 3, 1.0],
 ['锣', 2, 3, 0.6666666666666666],
 ['稀', 3, 3, 1.0],
 ['塅', 3, 3, 1.0],
 ['找', 2, 3, 0.6666666666666666],
 ['型', 3, 3, 1.0],
 ['隐', 3, 3, 1.0],
 ['衙', 2, 3, 0.6666666666666666],
 ['棵', 3, 3, 1.0],
 ['僧', 0, 3, 0.0],
 ['闹', 2, 3, 0.6666666666666666],
 ['茵', 3, 3, 1.0],
 ['韭', 2, 3, 0.6666666666666666],
 ['烨', 3, 3, 1.0],
 ['致', 3, 3, 1.0],
 ['猫', 3, 3, 1.0],
 ['浆', 2, 3, 0.6666666666666666],
 ['歧', 3, 3, 1.0],
 ['近', 3, 3, 1.0],
 ['呷', 3, 3, 1.0],
 ['垫', 3, 3, 1.0],
 ['礁', 1, 3, 0.3333333333333333],
 ['物', 3, 3, 1.0],
 ['渌', 3, 3, 1.0],
 ['履', 1, 3, 0.3333333333333333],
 ['崾', 1, 3, 0.3333333333333333],
 ['碓', 3, 3, 1.0],
 ['迭', 2, 3, 0.6666666666666666],
 ['朴', 3, 3, 1.0],
 ['候', 3, 3, 1.0],
 ['庚', 3, 3, 1.0],
 ['戛', 3, 3, 1.0],
 ['邝', 3, 3, 1.0],
 ['参', 3, 3, 1.0],
 ['奴', 3, 3, 1.0],
 ['储', 3, 3, 1.0],
 ['葑', 2, 3, 0.6666666666666666],
 ['醴', 0, 3, 0.0],
 ['几', 3, 3, 1.0],
 ['就', 2, 3, 0.6666666666666666],
 ['姝', 3, 3, 1.0],
 ['璜', 3, 3, 1.0],
 ['翻', 2, 3, 0.6666666666666666],
 ['玫', 0, 3, 0.0],
 ['糜', 2, 3, 0.6666666666666666],
 ['轮', 3, 3, 1.0],
 ['芯', 3, 3, 1.0],
 ['煤', 3, 3, 1.0],
 ['鼻', 2, 2, 1.0],
 ['旻', 2, 2, 1.0],
 ['牤', 2, 2, 1.0],
 ['梗', 2, 2, 1.0],
 ['嫚', 1, 2, 0.5],
 ['肯', 2, 2, 1.0],
 ['涨', 1, 2, 0.5],
 ['骥', 2, 2, 1.0],
 ['猴', 1, 2, 0.5],
 ['帝', 1, 2, 0.5],
 ['昄', 0, 2, 0.0],
 ['酿', 0, 2, 0.0],
 ['骨', 1, 2, 0.5],
 ['指', 2, 2, 1.0],
 ['妈', 2, 2, 1.0],
 ['锐', 2, 2, 1.0],
 ['身', 2, 2, 1.0],
 ['谌', 1, 2, 0.5],
 ['隍', 1, 2, 0.5],
 ['祺', 2, 2, 1.0],
 ['笏', 1, 2, 0.5],
 ['绣', 2, 2, 1.0],
 ['卯', 1, 2, 0.5],
 ['硖', 2, 2, 1.0],
 ['谟', 2, 2, 1.0],
 ['骁', 2, 2, 1.0],
 ['洄', 0, 2, 0.0],
 ['枢', 2, 2, 1.0],
 ['钗', 1, 2, 0.5],
 ['告', 2, 2, 1.0],
 ['滥', 0, 2, 0.0],
 ['顿', 0, 2, 0.0],
 ['毓', 1, 2, 0.5],
 ['截', 2, 2, 1.0],
 ['罐', 2, 2, 1.0],
 ['铎', 1, 2, 0.5],
 ['稔', 2, 2, 1.0],
 ['旦', 2, 2, 1.0],
 ['荃', 2, 2, 1.0],
 ['虫', 2, 2, 1.0],
 ['填', 0, 2, 0.0],
 ['宦', 2, 2, 1.0],
 ['唯', 0, 2, 0.0],
 ['辇', 1, 2, 0.5],
 ['帘', 1, 2, 0.5],
 ['漫', 1, 2, 0.5],
 ['绩', 2, 2, 1.0],
 ['哇', 1, 2, 0.5],
 ['档', 2, 2, 1.0],
 ['栟', 1, 2, 0.5],
 ['他', 1, 2, 0.5],
 ['荐', 2, 2, 1.0],
 ['量', 2, 2, 1.0],
 ['末', 2, 2, 1.0],
 ['续', 2, 2, 1.0],
 ['帽', 1, 2, 0.5],
 ['葳', 1, 2, 0.5],
 ['且', 2, 2, 1.0],
 ['糯', 2, 2, 1.0],
 ['棒', 0, 2, 0.0],
 ['创', 2, 2, 1.0],
 ['份', 1, 2, 0.5],
 ['鸥', 0, 2, 0.0],
 ['邰', 2, 2, 1.0],
 ['蔼', 0, 2, 0.0],
 ['峥', 0, 2, 0.0],
 ['么', 2, 2, 1.0],
 ['淹', 2, 2, 1.0],
 ['莽', 2, 2, 1.0],
 ['浓', 2, 2, 1.0],
 ['滢', 2, 2, 1.0],
 ['恬', 2, 2, 1.0],
 ['注', 2, 2, 1.0],
 ['夕', 2, 2, 1.0],
 ['岜', 1, 2, 0.5],
 ['霆', 2, 2, 1.0],
 ['姐', 1, 2, 0.5],
 ['伙', 0, 2, 0.0],
 ['瓢', 1, 2, 0.5],
 ['茭', 2, 2, 1.0],
 ['鹃', 1, 2, 0.5],
 ['笔', 2, 2, 1.0],
 ['址', 2, 2, 1.0],
 ['宵', 2, 2, 1.0],
 ['郇', 2, 2, 1.0],
 ['浈', 1, 2, 0.5],
 ['栈', 1, 2, 0.5],
 ['擂', 2, 2, 1.0],
 ['峁', 2, 2, 1.0],
 ['叩', 2, 2, 1.0],
 ['颛', 0, 2, 0.0],
 ['画', 2, 2, 1.0],
 ['匀', 2, 2, 1.0],
 ['韬', 2, 2, 1.0],
 ['挖', 1, 2, 0.5],
 ['记', 2, 2, 1.0],
 ['蔗', 2, 2, 1.0],
 ['秧', 2, 2, 1.0],
 ['点', 2, 2, 1.0],
 ['在', 0, 2, 0.0],
 ['聿', 2, 2, 1.0],
 ['蘑', 2, 2, 1.0],
 ['揣', 1, 2, 0.5],
 ['狱', 1, 2, 0.5],
 ['徒', 2, 2, 1.0],
 ['蟒', 1, 2, 0.5],
 ['筒', 1, 2, 0.5],
 ['予', 2, 2, 1.0],
 ['犀', 2, 2, 1.0],
 ['崞', 1, 2, 0.5],
 ['埕', 2, 2, 1.0],
 ['萃', 1, 2, 0.5],
 ['勿', 2, 2, 1.0],
 ['俪', 2, 2, 1.0],
 ['迷', 2, 2, 1.0],
 ['札', 2, 2, 1.0],
 ['漋', 0, 2, 0.0],
 ['昱', 1, 2, 0.5],
 ['沼', 0, 2, 0.0],
 ['碱', 2, 2, 1.0],
 ['驾', 2, 2, 1.0],
 ['卷', 2, 2, 1.0],
 ['黟', 2, 2, 1.0],
 ['搭', 2, 2, 1.0],
 ['愚', 1, 2, 0.5],
 ['瑚', 2, 2, 1.0],
 ['还', 1, 2, 0.5],
 ['滘', 0, 2, 0.0],
 ['探', 2, 2, 1.0],
 ['邕', 2, 2, 1.0],
 ['榔', 0, 2, 0.0],
 ['潋', 0, 2, 0.0],
 ['圉', 1, 2, 0.5],
 ['逄', 1, 2, 0.5],
 ['殖', 2, 2, 1.0],
 ['控', 1, 2, 0.5],
 ['蒸', 2, 2, 1.0],
 ['崮', 1, 2, 0.5],
 ['料', 1, 2, 0.5],
 ['快', 1, 2, 0.5],
 ['荀', 2, 2, 1.0],
 ['狼', 1, 2, 0.5],
 ['案', 2, 2, 1.0],
 ['卖', 2, 2, 1.0],
 ['桶', 1, 2, 0.5],
 ['称', 2, 2, 1.0],
 ['缸', 0, 2, 0.0],
 ['扣', 0, 2, 0.0],
 ['龛', 1, 2, 0.5],
 ['药', 1, 2, 0.5],
 ['吊', 2, 2, 1.0],
 ['垒', 1, 2, 0.5],
 ['圃', 2, 2, 1.0],
 ['穿', 1, 2, 0.5],
 ['亥', 2, 2, 1.0],
 ['沦', 2, 2, 1.0],
 ['碶', 1, 2, 0.5],
 ['捧', 1, 2, 0.5],
 ['婆', 2, 2, 1.0],
 ['硚', 2, 2, 1.0],
 ['饭', 2, 2, 1.0],
 ['动', 2, 2, 1.0],
 ['剪', 2, 2, 1.0],
 ['鹄', 1, 2, 0.5],
 ['荞', 2, 2, 1.0],
 ['岢', 2, 2, 1.0],
 ['獾', 1, 2, 0.5],
 ['夺', 2, 2, 1.0],
 ['昝', 2, 2, 1.0],
 ['丙', 2, 2, 1.0],
 ['嶂', 0, 2, 0.0],
 ['晔', 1, 2, 0.5],
 ['蝉', 0, 2, 0.0],
 ['钤', 2, 2, 1.0],
 ['溟', 1, 2, 0.5],
 ['丞', 2, 2, 1.0],
 ['淌', 2, 2, 1.0],
 ['券', 2, 2, 1.0],
 ['弹', 2, 2, 1.0],
 ['句', 1, 2, 0.5],
 ['卦', 1, 2, 0.5],
 ['谱', 2, 2, 1.0],
 ['铸', 1, 2, 0.5],
 ['漷', 1, 2, 0.5],
 ['竖', 1, 2, 0.5],
 ['幼', 2, 2, 1.0],
 ['荟', 1, 2, 0.5],
 ['倾', 0, 2, 0.0],
 ['笠', 1, 2, 0.5],
 ['蚬', 2, 2, 1.0],
 ['宓', 2, 2, 1.0],
 ['亲', 1, 2, 0.5],
 ['琰', 2, 2, 1.0],
 ['菇', 2, 2, 1.0],
 ['邸', 2, 2, 1.0],
 ['敢', 0, 2, 0.0],
 ['叭', 2, 2, 1.0],
 ['斑', 2, 2, 1.0],
 ['妤', 2, 2, 1.0],
 ['斤', 2, 2, 1.0],
 ['汊', 2, 2, 1.0],
 ['簸', 2, 2, 1.0],
 ['枷', 2, 2, 1.0],
 ['篱', 1, 2, 0.5],
 ['垵', 1, 2, 0.5],
 ['枧', 2, 2, 1.0],
 ['贯', 1, 2, 0.5],
 ['畛', 2, 2, 1.0],
 ['璋', 2, 2, 1.0],
 ['芊', 2, 2, 1.0],
 ['待', 2, 2, 1.0],
 ['涣', 2, 2, 1.0],
 ['渐', 2, 2, 1.0],
 ['棘', 1, 2, 0.5],
 ['姥', 1, 2, 0.5],
 ['拳', 2, 2, 1.0],
 ['燎', 2, 2, 1.0],
 ['刺', 1, 2, 0.5],
 ['尘', 2, 2, 1.0],
 ['淦', 1, 2, 0.5],
 ['埃', 1, 2, 0.5],
 ['隰', 0, 2, 0.0],
 ['却', 2, 2, 1.0],
 ['锵', 2, 2, 1.0],
 ['哥', 0, 2, 0.0],
 ['表', 2, 2, 1.0],
 ['辜', 0, 2, 0.0],
 ['便', 2, 2, 1.0],
 ['杂', 2, 2, 1.0],
 ['汨', 0, 2, 0.0],
 ['谐', 2, 2, 1.0],
 ['臻', 2, 2, 1.0],
 ['详', 0, 2, 0.0],
 ['雩', 2, 2, 1.0],
 ['渑', 2, 2, 1.0],
 ['飙', 2, 2, 1.0],
 ['股', 1, 2, 0.5],
 ['渤', 0, 2, 0.0],
 ['舰', 2, 2, 1.0],
 ['胄', 0, 2, 0.0],
 ['涓', 0, 2, 0.0],
 ['仝', 2, 2, 1.0],
 ['畅', 2, 2, 1.0],
 ['濯', 2, 2, 1.0],
 ['塍', 1, 2, 0.5],
 ['箬', 1, 2, 0.5],
 ['俚', 1, 2, 0.5],
 ['犍', 1, 2, 0.5],
 ['隅', 2, 2, 1.0],
 ['漪', 2, 2, 1.0],
 ['湫', 2, 2, 1.0],
 ['濛', 2, 2, 1.0],
 ['叠', 0, 2, 0.0],
 ['训', 2, 2, 1.0],
 ['簇', 2, 2, 1.0],
 ['键', 0, 2, 0.0],
 ['龟', 2, 2, 1.0],
 ['御', 2, 2, 1.0],
 ['垴', 1, 2, 0.5],
 ['鹊', 0, 2, 0.0],
 ['苦', 1, 2, 0.5],
 ['柜', 2, 2, 1.0],
 ['律', 2, 2, 1.0],
 ['仿', 2, 2, 1.0],
 ['鳞', 2, 2, 1.0],
 ['乙', 2, 2, 1.0],
 ['弯', 2, 2, 1.0],
 ['不', 2, 2, 1.0],
 ['吹', 1, 1, 1.0],
 ['茴', 1, 1, 1.0],
 ['租', 0, 1, 0.0],
 ['嵇', 0, 1, 0.0],
 ['忽', 1, 1, 1.0],
 ['樵', 1, 1, 1.0],
 ['柄', 1, 1, 1.0],
 ['曩', 1, 1, 1.0],
 ['濑', 1, 1, 1.0],
 ['裔', 1, 1, 1.0],
 ['叔', 1, 1, 1.0],
 ['勾', 1, 1, 1.0],
 ['恕', 1, 1, 1.0],
 ['珑', 1, 1, 1.0],
 ['坮', 0, 1, 0.0],
 ['惹', 1, 1, 1.0],
 ['峧', 1, 1, 1.0],
 ['嵘', 1, 1, 1.0],
 ['焜', 1, 1, 1.0],
 ['稳', 1, 1, 1.0],
 ['砣', 1, 1, 1.0],
 ['塝', 0, 1, 0.0],
 ['篁', 1, 1, 1.0],
 ['淘', 1, 1, 1.0],
 ['竜', 1, 1, 1.0],
 ['竣', 1, 1, 1.0],
 ['鲸', 0, 1, 0.0],
 ['仔', 1, 1, 1.0],
 ['咛', 1, 1, 1.0],
 ['取', 1, 1, 1.0],
 ['藻', 0, 1, 0.0],
 ['践', 1, 1, 1.0],
 ['仰', 1, 1, 1.0],
 ['插', 1, 1, 1.0],
 ['庹', 1, 1, 1.0],
 ['孕', 0, 1, 0.0],
 ['矛', 1, 1, 1.0],
 ['滓', 1, 1, 1.0],
 ['巾', 1, 1, 1.0],
 ['菠', 1, 1, 1.0],
 ['蛤', 0, 1, 0.0],
 ['汴', 1, 1, 1.0],
 ['稼', 1, 1, 1.0],
 ['鮜', 1, 1, 1.0],
 ['材', 1, 1, 1.0],
 ['粱', 0, 1, 0.0],
 ['崀', 1, 1, 1.0],
 ['副', 0, 1, 0.0],
 ['闳', 1, 1, 1.0],
 ['茈', 1, 1, 1.0],
 ['垄', 0, 1, 0.0],
 ['湳', 0, 1, 0.0],
 ['暗', 1, 1, 1.0],
 ['铉', 1, 1, 1.0],
 ['漱', 1, 1, 1.0],
 ['浅', 1, 1, 1.0],
 ['畴', 1, 1, 1.0],
 ['梯', 0, 1, 0.0],
 ['箱', 1, 1, 1.0],
 ['豹', 0, 1, 0.0],
 ['匣', 1, 1, 1.0],
 ['碡', 1, 1, 1.0],
 ['洒', 1, 1, 1.0],
 ['燃', 0, 1, 0.0],
 ['洺', 1, 1, 1.0],
 ['焉', 1, 1, 1.0],
 ['瑙', 1, 1, 1.0],
 ['筵', 0, 1, 0.0],
 ['雎', 1, 1, 1.0],
 ['质', 0, 1, 0.0],
 ['仵', 1, 1, 1.0],
 ['簪', 1, 1, 1.0],
 ['渎', 1, 1, 1.0],
 ['牢', 1, 1, 1.0],
 ['碳', 1, 1, 1.0],
 ['机', 1, 1, 1.0],
 ['佃', 1, 1, 1.0],
 ['隗', 1, 1, 1.0],
 ['淠', 0, 1, 0.0],
 ['络', 0, 1, 0.0],
 ['泺', 1, 1, 1.0],
 ['颂', 1, 1, 1.0],
 ['丕', 1, 1, 1.0],
 ['愁', 1, 1, 1.0],
 ['驷', 1, 1, 1.0],
 ['翥', 0, 1, 0.0],
 ['娃', 0, 1, 0.0],
 ['苞', 0, 1, 0.0],
 ['轶', 1, 1, 1.0],
 ['圻', 1, 1, 1.0],
 ['戏', 0, 1, 0.0],
 ['岁', 1, 1, 1.0],
 ['旄', 0, 1, 0.0],
 ['哭', 1, 1, 1.0],
 ['邮', 1, 1, 1.0],
 ['悌', 1, 1, 1.0],
 ['浒', 0, 1, 0.0],
 ['訾', 1, 1, 1.0],
 ['菡', 0, 1, 0.0],
 ['翱', 0, 1, 0.0],
 ['耙', 1, 1, 1.0],
 ['驯', 1, 1, 1.0],
 ['题', 0, 1, 0.0],
 ['气', 1, 1, 1.0],
 ['昶', 1, 1, 1.0],
 ['叮', 1, 1, 1.0],
 ['篆', 1, 1, 1.0],
 ['狐', 0, 1, 0.0],
 ['箫', 1, 1, 1.0],
 ['椹', 0, 1, 0.0],
 ['眠', 1, 1, 1.0],
 ['险', 1, 1, 1.0],
 ['蛭', 0, 1, 0.0],
 ['菱', 1, 1, 1.0],
 ['陬', 1, 1, 1.0],
 ['欠', 1, 1, 1.0],
 ['蚕', 1, 1, 1.0],
 ['括', 1, 1, 1.0],
 ['见', 1, 1, 1.0],
 ['鸟', 0, 1, 0.0],
 ['栎', 1, 1, 1.0],
 ['恋', 1, 1, 1.0],
 ['茁', 1, 1, 1.0],
 ['很', 1, 1, 1.0],
 ['厍', 0, 1, 0.0],
 ['稚', 1, 1, 1.0],
 ['澈', 0, 1, 0.0],
 ['嵫', 0, 1, 0.0],
 ['球', 1, 1, 1.0],
 ['乎', 1, 1, 1.0],
 ['个', 1, 1, 1.0],
 ['熠', 0, 1, 0.0],
 ['勍', 1, 1, 1.0],
 ['歆', 1, 1, 1.0],
 ['抒', 1, 1, 1.0],
 ['郢', 1, 1, 1.0],
 ['折', 1, 1, 1.0],
 ['兑', 1, 1, 1.0],
 ['仉', 1, 1, 1.0],
 ['莼', 1, 1, 1.0],
 ['拾', 0, 1, 0.0],
 ['澌', 1, 1, 1.0],
 ['舲', 0, 1, 0.0],
 ['怎', 0, 1, 0.0],
 ['粥', 1, 1, 1.0],
 ['笕', 0, 1, 0.0],
 ['计', 1, 1, 1.0],
 ['针', 1, 1, 1.0],
 ['嬉', 1, 1, 1.0],
 ['碣', 0, 1, 0.0],
 ['弛', 0, 1, 0.0],
 ['楷', 0, 1, 0.0],
 ['烂', 0, 1, 0.0],
 ['曦', 0, 1, 0.0],
 ['硫', 1, 1, 1.0],
 ['懈', 1, 1, 1.0],
 ['绎', 1, 1, 1.0],
 ['磜', 1, 1, 1.0],
 ['肠', 0, 1, 0.0],
 ['扩', 1, 1, 1.0],
 ['蒌', 1, 1, 1.0],
 ['评', 1, 1, 1.0],
 ['敛', 1, 1, 1.0],
 ['茧', 1, 1, 1.0],
 ['熹', 1, 1, 1.0],
 ['袋', 1, 1, 1.0],
 ['闪', 1, 1, 1.0],
 ['悲', 1, 1, 1.0],
 ['焱', 1, 1, 1.0],
 ['雒', 0, 1, 0.0],
 ['恢', 0, 1, 0.0],
 ['情', 0, 1, 0.0],
 ['庾', 1, 1, 1.0],
 ['囤', 1, 1, 1.0],
 ['停', 0, 1, 0.0],
 ['闾', 0, 1, 0.0],
 ['伾', 0, 1, 0.0],
 ['眼', 1, 1, 1.0],
 ['姆', 1, 1, 1.0],
 ['芽', 0, 1, 0.0],
 ['镥', 0, 1, 0.0],
 ['飒', 1, 1, 1.0],
 ['禧', 1, 1, 1.0],
 ['椰', 1, 1, 1.0],
 ['姓', 1, 1, 1.0],
 ['粤', 1, 1, 1.0],
 ['讲', 1, 1, 1.0],
 ['奢', 1, 1, 1.0],
 ['桅', 0, 1, 0.0],
 ['粑', 1, 1, 1.0],
 ['衕', 1, 1, 1.0],
 ['晟', 1, 1, 1.0],
 ['陪', 1, 1, 1.0],
 ['桷', 0, 1, 0.0],
 ['堉', 1, 1, 1.0],
 ['抱', 1, 1, 1.0],
 ['途', 1, 1, 1.0],
 ['簿', 0, 1, 0.0],
 ['鶖', 1, 1, 1.0],
 ['溥', 0, 1, 0.0],
 ['霁', 1, 1, 1.0],
 ['笙', 1, 1, 1.0],
 ['栩', 1, 1, 1.0],
 ['埒', 1, 1, 1.0],
 ['靛', 0, 1, 0.0],
 ['轴', 1, 1, 1.0],
 ['嫦', 1, 1, 1.0],
 ['漾', 0, 1, 0.0],
 ['绰', 1, 1, 1.0],
 ['珣', 0, 1, 0.0],
 ['劲', 1, 1, 1.0],
 ['灼', 1, 1, 1.0],
 ['碗', 0, 1, 0.0],
 ['调', 1, 1, 1.0],
 ['瑰', 1, 1, 1.0],
 ['甬', 1, 1, 1.0],
 ['偲', 1, 1, 1.0],
 ['崙', 1, 1, 1.0],
 ['了', 1, 1, 1.0],
 ['藉', 1, 1, 1.0],
 ['去', 1, 1, 1.0],
 ['洣', 0, 1, 0.0],
 ['赟', 0, 1, 0.0],
 ['湍', 0, 1, 0.0],
 ['势', 1, 1, 1.0],
 ['稽', 1, 1, 1.0],
 ['阊', 1, 1, 1.0],
 ['峃', 1, 1, 1.0],
 ['用', 1, 1, 1.0],
 ['珏', 1, 1, 1.0],
 ['恐', 1, 1, 1.0],
 ['沉', 1, 1, 1.0],
 ['菉', 1, 1, 1.0],
 ['翎', 1, 1, 1.0],
 ['窟', 0, 1, 0.0],
 ['甭', 0, 1, 0.0],
 ['塱', 0, 1, 0.0],
 ['於', 1, 1, 1.0],
 ['蔓', 1, 1, 1.0],
 ['拿', 1, 1, 1.0],
 ['裳', 0, 1, 0.0],
 ['烁', 1, 1, 1.0],
 ['硐', 1, 1, 1.0],
 ['堎', 0, 1, 0.0],
 ['粽', 0, 1, 0.0],
 ['奄', 0, 1, 0.0],
 ['祈', 0, 1, 0.0],
 ['刊', 1, 1, 1.0],
 ['锢', 0, 1, 0.0],
 ['攻', 0, 1, 0.0],
 ['枚', 0, 1, 0.0],
 ['片', 1, 1, 1.0],
 ['拴', 1, 1, 1.0],
 ['避', 1, 1, 1.0],
 ['嘛', 1, 1, 1.0],
 ['汜', 0, 1, 0.0],
 ['效', 0, 1, 0.0],
 ['猪', 0, 1, 0.0],
 ['璞', 1, 1, 1.0],
 ['脉', 1, 1, 1.0],
 ['忍', 0, 1, 0.0],
 ['驱', 1, 1, 1.0],
 ['屲', 1, 1, 1.0],
 ['惟', 1, 1, 1.0],
 ['酂', 0, 1, 0.0],
 ['择', 0, 1, 0.0],
 ['钏', 1, 1, 1.0],
 ['獏', 1, 1, 1.0],
 ['蕙', 1, 1, 1.0],
 ['浯', 0, 1, 0.0],
 ['藕', 1, 1, 1.0],
 ['栽', 0, 1, 0.0],
 ['咇', 0, 1, 0.0],
 ['辅', 1, 1, 1.0],
 ['桧', 0, 1, 0.0],
 ['父', 1, 1, 1.0],
 ['寥', 1, 1, 1.0],
 ['苒', 0, 1, 0.0],
 ['慰', 1, 1, 1.0],
 ['跑', 1, 1, 1.0],
 ['笛', 1, 1, 1.0],
 ['坭', 1, 1, 1.0],
 ['竟', 1, 1, 1.0],
 ['消', 0, 1, 0.0],
 ['惜', 0, 1, 0.0],
 ['锰', 1, 1, 1.0],
 ['榴', 1, 1, 1.0],
 ['篢', 1, 1, 1.0],
 ['染', 1, 1, 1.0],
 ['拥', 1, 1, 1.0],
 ['危', 1, 1, 1.0],
 ['模', 1, 1, 1.0],
 ['迅', 1, 1, 1.0],
 ['絮', 1, 1, 1.0],
 ['旷', 1, 1, 1.0],
 ['羡', 1, 1, 1.0],
 ['迳', 1, 1, 1.0],
 ['玥', 1, 1, 1.0],
 ['沚', 1, 1, 1.0],
 ['爷', 1, 1, 1.0],
 ['漏', 1, 1, 1.0],
 ['瓶', 1, 1, 1.0],
 ['袱', 1, 1, 1.0],
 ['纽', 0, 1, 0.0],
 ['糖', 0, 1, 0.0],
 ['橙', 0, 1, 0.0],
 ['塂', 1, 1, 1.0],
 ['嫘', 0, 1, 0.0],
 ['与', 1, 1, 1.0],
 ['挂', 0, 1, 0.0],
 ['舫', 0, 1, 0.0],
 ['弦', 1, 1, 1.0],
 ['谅', 1, 1, 1.0],
 ['态', 1, 1, 1.0],
 ['而', 1, 1, 1.0],
 ['罩', 1, 1, 1.0],
 ['黍', 1, 1, 1.0],
 ['签', 1, 1, 1.0],
 ['页', 1, 1, 1.0],
 ['樾', 0, 1, 0.0],
 ['遮', 0, 1, 0.0],
 ['枯', 0, 1, 0.0],
 ['胙', 1, 1, 1.0],
 ['丫', 1, 1, 1.0],
 ['住', 1, 1, 1.0],
 ['咱', 1, 1, 1.0],
 ['椴', 1, 1, 1.0],
 ['玻', 1, 1, 1.0],
 ['鴜', 0, 1, 0.0],
 ['系', 1, 1, 1.0],
 ['榛', 0, 1, 0.0],
 ['硼', 1, 1, 1.0],
 ['议', 1, 1, 1.0],
 ['杲', 1, 1, 1.0],
 ['抽', 0, 1, 0.0],
 ['奓', 1, 1, 1.0],
 ['浣', 1, 1, 1.0],
 ['绕', 1, 1, 1.0],
 ['逻', 1, 1, 1.0],
 ['雉', 0, 1, 0.0],
 ['誉', 1, 1, 1.0],
 ['楂', 0, 1, 0.0],
 ['茔', 1, 1, 1.0],
 ['滍', 0, 1, 0.0],
 ['桲', 1, 1, 1.0],
 ['最', 1, 1, 1.0],
 ['状', 1, 1, 1.0],
 ['纶', 1, 1, 1.0],
 ['报', 1, 1, 1.0],
 ['俭', 1, 1, 1.0],
 ['锟', 1, 1, 1.0],
 ['璠', 1, 1, 1.0],
 ['笊', 0, 1, 0.0],
 ['浬', 0, 1, 0.0],
 ['巽', 1, 1, 1.0],
 ['衖', 0, 1, 0.0],
 ['函', 1, 1, 1.0],
 ['蜂', 1, 1, 1.0],
 ['佶', 0, 1, 0.0],
 ['勰', 1, 1, 1.0],
 ['帛', 1, 1, 1.0],
 ['獐', 1, 1, 1.0],
 ['苴', 1, 1, 1.0],
 ['莺', 1, 1, 1.0],
 ['邾', 1, 1, 1.0],
 ['昉', 1, 1, 1.0],
 ['茸', 1, 1, 1.0],
 ['栏', 0, 1, 0.0],
 ['纬', 1, 1, 1.0],
 ['堠', 0, 1, 0.0],
 ['拦', 1, 1, 1.0],
 ['苌', 0, 1, 0.0],
 ['抗', 1, 1, 1.0],
 ['舶', 1, 1, 1.0],
 ['闲', 1, 1, 1.0],
 ['韧', 1, 1, 1.0],
 ['俎', 1, 1, 1.0],
 ['投', 1, 1, 1.0],
 ['爪', 1, 1, 1.0],
 ['求', 1, 1, 1.0],
 ['辕', 0, 1, 0.0],
 ['预', 1, 1, 1.0],
 ['翊', 1, 1, 1.0],
 ['澎', 1, 1, 1.0],
 ['冼', 1, 1, 1.0],
 ['刑', 1, 1, 1.0],
 ['蟆', 0, 1, 0.0],
 ['咪', 0, 1, 0.0],
 ['溯', 1, 1, 1.0],
 ['笆', 0, 1, 0.0],
 ['涴', 0, 1, 0.0],
 ['蕨', 1, 1, 1.0],
 ['趙', 1, 1, 1.0],
 ['障', 1, 1, 1.0],
 ['佗', 0, 1, 0.0],
 ['蝗', 1, 1, 1.0],
 ['蛳', 1, 1, 1.0],
 ['泷', 0, 1, 0.0],
 ['脸', 0, 1, 0.0],
 ['鹳', 0, 1, 0.0],
 ['洵', 0, 1, 0.0],
 ['锹', 0, 1, 0.0],
 ['嫔', 1, 1, 1.0],
 ['奔', 1, 1, 1.0],
 ['溇', 1, 1, 1.0],
 ['馒', 1, 1, 1.0],
 ['乏', 1, 1, 1.0],
 ['盾', 1, 1, 1.0],
 ['证', 1, 1, 1.0],
 ['晒', 1, 1, 1.0],
 ['硇', 1, 1, 1.0],
 ['沪', 1, 1, 1.0],
 ['芥', 0, 1, 0.0],
 ['悠', 1, 1, 1.0],
 ['椤', 1, 1, 1.0],
 ['鞋', 1, 1, 1.0],
 ['忙', 1, 1, 1.0],
 ['颢', 1, 1, 1.0],
 ['囫', 1, 1, 1.0],
 ['敕', 1, 1, 1.0],
 ['晾', 1, 1, 1.0],
 ['琶', 1, 1, 1.0],
 ['薪', 1, 1, 1.0],
 ['珺', 1, 1, 1.0],
 ['邙', 1, 1, 1.0],
 ['垓', 1, 1, 1.0],
 ['兢', 1, 1, 1.0],
 ['坔', 1, 1, 1.0],
 ['剥', 1, 1, 1.0],
 ['墘', 1, 1, 1.0],
 ['硷', 0, 1, 0.0],
 ['胖', 0, 1, 0.0],
 ['逍', 1, 1, 1.0],
 ['夭', 0, 1, 0.0],
 ['绸', 1, 1, 1.0],
 ['秕', 1, 1, 1.0],
 ['派', 1, 1, 1.0],
 ['替', 1, 1, 1.0],
 ['璟', 1, 1, 1.0],
 ['葵', 1, 1, 1.0],
 ['苓', 1, 1, 1.0],
 ['筑', 1, 1, 1.0],
 ['琬', 1, 1, 1.0],
 ['幺', 1, 1, 1.0],
 ['蚁', 1, 1, 1.0],
 ['鳡', 0, 1, 0.0],
 ['遇', 1, 1, 1.0],
 ['滇', 1, 1, 1.0],
 ['泄', 1, 1, 1.0],
 ['导', 0, 1, 0.0],
 ['淝', 0, 1, 0.0],
 ['浭', 0, 1, 0.0],
 ['俩', 1, 1, 1.0],
 ['鷺', 1, 1, 1.0],
 ['箴', 0, 1, 0.0],
 ['渺', 0, 1, 0.0],
 ['澍', 1, 1, 1.0],
 ['唇', 0, 1, 0.0],
 ['铧', 1, 1, 1.0],
 ['秩', 1, 1, 1.0],
 ['燊', 0, 1, 0.0],
 ['峦', 1, 1, 1.0],
 ['珀', 0, 1, 0.0],
 ['囵', 1, 1, 1.0],
 ['骚', 1, 1, 1.0],
 ['庠', 1, 1, 1.0],
 ['乱', 1, 1, 1.0],
 ['潦', 1, 1, 1.0],
 ['终', 1, 1, 1.0],
 ['退', 1, 1, 1.0],
 ['镛', 1, 1, 1.0],
 ['蝎', 0, 1, 0.0],
 ['醒', 1, 1, 1.0],
 ['淯', 0, 1, 0.0],
 ['膳', 0, 1, 0.0],
 ['桌', 1, 1, 1.0],
 ['赜', 0, 1, 0.0],
 ['喆', 1, 1, 1.0],
 ['瀛', 0, 1, 0.0],
 ['俱', 1, 1, 1.0],
 ['杵', 0, 1, 0.0],
 ['埋', 0, 1, 0.0],
 ['鄙', 0, 1, 0.0],
 ['吟', 1, 1, 1.0],
 ['拨', 1, 1, 1.0],
 ['嫱', 0, 1, 0.0],
 ['夔', 0, 1, 0.0],
 ['框', 1, 1, 1.0],
 ['室', 1, 1, 1.0],
 ['述', 1, 1, 1.0],
 ['甪', 1, 1, 1.0],
 ['霓', 1, 1, 1.0],
 ['换', 1, 1, 1.0],
 ['槟', 1, 1, 1.0],
 ['墀', 1, 1, 1.0],
 ['窠', 0, 1, 0.0],
 ['问', 0, 1, 0.0],
 ['晗', 1, 1, 1.0],
 ['琚', 1, 1, 1.0],
 ['坷', 1, 1, 1.0],
 ['咽', 1, 1, 1.0],
 ['铨', 0, 1, 0.0],
 ['赊', 1, 1, 1.0],
 ['扯', 1, 1, 1.0],
 ['驴', 1, 1, 1.0],
 ['楸', 1, 1, 1.0],
 ['弶', 1, 1, 1.0],
 ['羔', 1, 1, 1.0],
 ['旨', 1, 1, 1.0],
 ['娱', 1, 1, 1.0],
 ['巉', 0, 1, 0.0],
 ['耶', 1, 1, 1.0],
 ['穹', 1, 1, 1.0],
 ['伸', 0, 1, 0.0],
 ['臼', 1, 1, 1.0],
 ['靴', 1, 1, 1.0],
 ['倭', 1, 1, 1.0],
 ['颉', 0, 1, 0.0],
 ['赏', 0, 1, 0.0],
 ['器', 1, 1, 1.0],
 ['层', 1, 1, 1.0],
 ['受', 1, 1, 1.0],
 ['凳', 0, 1, 0.0],
 ['斋', 0, 1, 0.0],
 ['尽', 1, 1, 1.0],
 ['坯', 1, 1, 1.0],
 ['珩', 1, 1, 1.0]]
